[99.20778513027169, 98.83127097384008, 99.2694825088298, 99.57212568363947, 99.41788107235341]
[98.83127097384008, 99.2694825088298, 99.57212568363947, 99.41788107235341, 98.8452700194016]
[99.2694825088298, 99.57212568363947, 99.41788107235341, 98.8452700194016, 98.47558485258665]
[99.57212568363947, 99.41788107235341, 98.8452700194016, 98.47558485258665, 98.75488164499151]
[99.41788107235341, 98.8452700194016, 98.47558485258665, 98.75488164499151, 98.12150231167784]
[98.8452700194016, 98.47558485258665, 98.75488164499151, 98.12150231167784, 98.32012722672327]
[98.47558485258665, 98.75488164499151, 98.12150231167784, 98.32012722672327, 98.56785084928434]
[98.75488164499151, 98.12150231167784, 98.32012722672327, 98.56785084928434, 98.55281018458012]
[98.12150231167784, 98.32012722672327, 98.56785084928434, 98.55281018458012, 98.21000958898772]
[98.32012722672327, 98.56785084928434, 98.55281018458012, 98.21000958898772, 97.68429691764479]
[98.56785084928434, 98.55281018458012, 98.21000958898772, 97.68429691764479, 98.15765631677343]
[98.55281018458012, 98.21000958898772, 97.68429691764479, 98.15765631677343, 98.13536688342064]
[98.21000958898772, 97.68429691764479, 98.15765631677343, 98.13536688342064, 98.17333900776546]
[97.68429691764479, 98.15765631677343, 98.13536688342064, 98.17333900776546, 98.53519840481746]
[98.15765631677343, 98.13536688342064, 98.17333900776546, 98.53519840481746, 98.47412157351695]
[98.13536688342064, 98.17333900776546, 98.53519840481746, 98.47412157351695, 98.44512918030448]
[98.17333900776546, 98.53519840481746, 98.47412157351695, 98.44512918030448, 98.31818461375026]
[98.53519840481746, 98.47412157351695, 98.44512918030448, 98.31818461375026, 98.24374305738513]
[98.47412157351695, 98.44512918030448, 98.31818461375026, 98.24374305738513, 98.78565267138578]
[98.44512918030448, 98.31818461375026, 98.24374305738513, 98.78565267138578, 98.37037741273292]
[98.31818461375026, 98.24374305738513, 98.78565267138578, 98.37037741273292, 98.18875126361631]
[98.24374305738513, 98.78565267138578, 98.37037741273292, 98.18875126361631, 98.43085744749257]
[98.78565267138578, 98.37037741273292, 98.18875126361631, 98.43085744749257, 98.65603287986104]
[98.37037741273292, 98.18875126361631, 98.43085744749257, 98.65603287986104, 98.68830600603432]
[98.18875126361631, 98.43085744749257, 98.65603287986104, 98.68830600603432, 99.31818725195009]
[98.43085744749257, 98.65603287986104, 98.68830600603432, 99.31818725195009, 99.09087569022114]
[98.65603287986104, 98.68830600603432, 99.31818725195009, 99.09087569022114, 98.72332075182167]
[98.68830600603432, 99.31818725195009, 99.09087569022114, 98.72332075182167, 98.49242557574831]
[99.31818725195009, 99.09087569022114, 98.72332075182167, 98.49242557574831, 98.24150047820473]
[99.09087569022114, 98.72332075182167, 98.49242557574831, 98.24150047820473, 98.38023108701374]
[98.72332075182167, 98.49242557574831, 98.24150047820473, 98.38023108701374, 98.36975542711873]
[98.49242557574831, 98.24150047820473, 98.38023108701374, 98.36975542711873, 98.41989733818936]
[98.24150047820473, 98.38023108701374, 98.36975542711873, 98.41989733818936, 98.22812968631409]
[98.38023108701374, 98.36975542711873, 98.41989733818936, 98.22812968631409, 98.76068121478299]
[98.36975542711873, 98.41989733818936, 98.22812968631409, 98.76068121478299, 98.60663835321765]
[98.41989733818936, 98.22812968631409, 98.76068121478299, 98.60663835321765, 98.69013335076573]
[98.22812968631409, 98.76068121478299, 98.60663835321765, 98.69013335076573, 98.67777283499305]
[98.76068121478299, 98.60663835321765, 98.69013335076573, 98.67777283499305, 98.65049422477395]
[98.60663835321765, 98.69013335076573, 98.67777283499305, 98.65049422477395, 98.76487219212758]
[98.69013335076573, 98.67777283499305, 98.65049422477395, 98.76487219212758, 98.87359686284029]
[98.67777283499305, 98.65049422477395, 98.76487219212758, 98.87359686284029, 98.76693280983791]
[98.65049422477395, 98.76487219212758, 98.87359686284029, 98.76693280983791, 99.09186781537232]
[98.76487219212758, 98.87359686284029, 98.76693280983791, 99.09186781537232, 98.75759643088912]
[98.87359686284029, 98.76693280983791, 99.09186781537232, 98.75759643088912, 98.53125755720706]
[98.76693280983791, 99.09186781537232, 98.75759643088912, 98.53125755720706, 98.72641191581141]
[99.09186781537232, 98.75759643088912, 98.53125755720706, 98.72641191581141, 98.53683092049495]
[98.75759643088912, 98.53125755720706, 98.72641191581141, 98.53683092049495, 98.31758595530417]
[98.53125755720706, 98.72641191581141, 98.53683092049495, 98.31758595530417, 98.64862749134949]
[98.72641191581141, 98.53683092049495, 98.31758595530417, 98.64862749134949, 98.43753747165475]
[98.53683092049495, 98.31758595530417, 98.64862749134949, 98.43753747165475, 98.94787071688418]
[98.31758595530417, 98.64862749134949, 98.43753747165475, 98.94787071688418, 99.16895747511494]
[98.64862749134949, 98.43753747165475, 98.94787071688418, 99.16895747511494, 99.31845106091635]
[98.43753747165475, 98.94787071688418, 99.16895747511494, 99.31845106091635, 99.06617898905678]
[98.94787071688418, 99.16895747511494, 99.31845106091635, 99.06617898905678, 99.05694750184203]
[99.16895747511494, 99.31845106091635, 99.06617898905678, 99.05694750184203, 98.93049214620842]
[99.31845106091635, 99.06617898905678, 99.05694750184203, 98.93049214620842, 99.04836011977744]
[99.06617898905678, 99.05694750184203, 98.93049214620842, 99.04836011977744, 99.31940680588924]
[99.05694750184203, 98.93049214620842, 99.04836011977744, 99.31940680588924, 99.41554217671225]
[98.93049214620842, 99.04836011977744, 99.31940680588924, 99.41554217671225, 99.2750027871256]
[99.04836011977744, 99.31940680588924, 99.41554217671225, 99.2750027871256, 99.40991544404795]
[99.31940680588924, 99.41554217671225, 99.2750027871256, 99.40991544404795, 99.11282867935635]
[99.41554217671225, 99.2750027871256, 99.40991544404795, 99.11282867935635, 98.90022854924298]
[99.2750027871256, 99.40991544404795, 99.11282867935635, 98.90022854924298, 98.61345447852919]
[99.40991544404795, 99.11282867935635, 98.90022854924298, 98.61345447852919, 98.54046499157577]
[99.11282867935635, 98.90022854924298, 98.61345447852919, 98.54046499157577, 98.3103997657699]
[98.90022854924298, 98.61345447852919, 98.54046499157577, 98.3103997657699, 98.3536874351248]
[98.61345447852919, 98.54046499157577, 98.3103997657699, 98.3536874351248, 98.28567141817814]
[98.54046499157577, 98.3103997657699, 98.3536874351248, 98.28567141817814, 98.41615538826912]
[98.3103997657699, 98.3536874351248, 98.28567141817814, 98.41615538826912, 98.06307593616701]
[98.3536874351248, 98.28567141817814, 98.41615538826912, 98.06307593616701, 98.00875105541714]
[98.28567141817814, 98.41615538826912, 98.06307593616701, 98.00875105541714, 98.21966635851382]
[98.41615538826912, 98.06307593616701, 98.00875105541714, 98.21966635851382, 98.47008983557976]
[98.06307593616701, 98.00875105541714, 98.21966635851382, 98.47008983557976, 98.82421313675606]
[98.00875105541714, 98.21966635851382, 98.47008983557976, 98.82421313675606, 98.41743402899696]
[98.21966635851382, 98.47008983557976, 98.82421313675606, 98.41743402899696, 97.70498726170823]
[98.47008983557976, 98.82421313675606, 98.41743402899696, 97.70498726170823, 97.88092463631148]
[98.82421313675606, 98.41743402899696, 97.70498726170823, 97.88092463631148, 98.08327287420367]
[98.41743402899696, 97.70498726170823, 97.88092463631148, 98.08327287420367, 97.95367678277981]
[97.70498726170823, 97.88092463631148, 98.08327287420367, 97.95367678277981, 98.52674847956251]
[97.88092463631148, 98.08327287420367, 97.95367678277981, 98.52674847956251, 98.62566200319827]
[98.08327287420367, 97.95367678277981, 98.52674847956251, 98.62566200319827, 99.01665791507833]
[97.95367678277981, 98.52674847956251, 98.62566200319827, 99.01665791507833, 99.2338639753426]
[98.52674847956251, 98.62566200319827, 99.01665791507833, 99.2338639753426, 98.99108394853222]
[98.62566200319827, 99.01665791507833, 99.2338639753426, 98.99108394853222, 99.22851414832343]
[99.01665791507833, 99.2338639753426, 98.99108394853222, 99.22851414832343, 99.42191340241455]
[99.2338639753426, 98.99108394853222, 99.22851414832343, 99.42191340241455, 99.64308953705172]
[98.99108394853222, 99.22851414832343, 99.42191340241455, 99.64308953705172, 99.61985992594062]
[99.22851414832343, 99.42191340241455, 99.64308953705172, 99.61985992594062, 99.56283551660492]
[99.42191340241455, 99.64308953705172, 99.61985992594062, 99.56283551660492, 99.7457311305508]
[99.64308953705172, 99.61985992594062, 99.56283551660492, 99.7457311305508, 99.66774038098616]
[99.61985992594062, 99.56283551660492, 99.7457311305508, 99.66774038098616, 99.92315593286006]
[99.56283551660492, 99.7457311305508, 99.66774038098616, 99.92315593286006, 99.7549519003552]
[99.7457311305508, 99.66774038098616, 99.92315593286006, 99.7549519003552, 98.95787826333778]
[99.66774038098616, 99.92315593286006, 99.7549519003552, 98.95787826333778, 99.17420177233168]
[99.92315593286006, 99.7549519003552, 98.95787826333778, 99.17420177233168, 99.54735215349429]
[99.7549519003552, 98.95787826333778, 99.17420177233168, 99.54735215349429, 99.83918154518113]
[98.95787826333778, 99.17420177233168, 99.54735215349429, 99.83918154518113, 100.18559665756196]
[99.17420177233168, 99.54735215349429, 99.83918154518113, 100.18559665756196, 100.47859468767061]
[99.54735215349429, 99.83918154518113, 100.18559665756196, 100.47859468767061, 101.01117415002697]
[99.83918154518113, 100.18559665756196, 100.47859468767061, 101.01117415002697, 100.90943271203972]
[100.18559665756196, 100.47859468767061, 101.01117415002697, 100.90943271203972, 101.11200266046644]
[100.47859468767061, 101.01117415002697, 100.90943271203972, 101.11200266046644, 101.01550433428727]
[101.01117415002697, 100.90943271203972, 101.11200266046644, 101.01550433428727, 101.05133153196027]
[100.90943271203972, 101.11200266046644, 101.01550433428727, 101.05133153196027, 101.0308761568824]
[101.11200266046644, 101.01550433428727, 101.05133153196027, 101.0308761568824, 101.17925531593512]
[101.01550433428727, 101.05133153196027, 101.0308761568824, 101.17925531593512, 101.0427551963312]
[101.05133153196027, 101.0308761568824, 101.17925531593512, 101.0427551963312, 100.8357095360027]
[101.0308761568824, 101.17925531593512, 101.0427551963312, 100.8357095360027, 100.82182282719926]
[101.17925531593512, 101.0427551963312, 100.8357095360027, 100.82182282719926, 100.7109114295064]
[101.0427551963312, 100.8357095360027, 100.82182282719926, 100.7109114295064, 100.27608121578947]
[100.8357095360027, 100.82182282719926, 100.7109114295064, 100.27608121578947, 99.89928300643544]
[100.82182282719926, 100.7109114295064, 100.27608121578947, 99.89928300643544, 99.79626082680556]
[100.7109114295064, 100.27608121578947, 99.89928300643544, 99.79626082680556, 99.93958872281023]
[100.27608121578947, 99.89928300643544, 99.79626082680556, 99.93958872281023, 100.2231158677039]
[99.89928300643544, 99.79626082680556, 99.93958872281023, 100.2231158677039, 100.62397738842384]
[99.79626082680556, 99.93958872281023, 100.2231158677039, 100.62397738842384, 100.57724655627649]
[99.93958872281023, 100.2231158677039, 100.62397738842384, 100.57724655627649, 100.38176692684043]
[100.2231158677039, 100.62397738842384, 100.57724655627649, 100.38176692684043, 100.17801062024763]
[100.62397738842384, 100.57724655627649, 100.38176692684043, 100.17801062024763, 99.92307812414738]
[100.57724655627649, 100.38176692684043, 100.17801062024763, 99.92307812414738, 99.00396816137595]
[100.38176692684043, 100.17801062024763, 99.92307812414738, 99.00396816137595, 99.40448192007295]
[100.17801062024763, 99.92307812414738, 99.00396816137595, 99.40448192007295, 99.42810034405275]
[99.92307812414738, 99.00396816137595, 99.40448192007295, 99.42810034405275, 99.67491648135221]
[99.00396816137595, 99.40448192007295, 99.42810034405275, 99.67491648135221, 99.28313731310631]
[99.40448192007295, 99.42810034405275, 99.67491648135221, 99.28313731310631, 99.10966567560288]
[99.42810034405275, 99.67491648135221, 99.28313731310631, 99.10966567560288, 99.35471031633705]
[99.67491648135221, 99.28313731310631, 99.10966567560288, 99.35471031633705, 99.07817044368967]
[99.28313731310631, 99.10966567560288, 99.35471031633705, 99.07817044368967, 98.98376125220787]
[99.10966567560288, 99.35471031633705, 99.07817044368967, 98.98376125220787, 99.48661889222691]
[99.35471031633705, 99.07817044368967, 98.98376125220787, 99.48661889222691, 99.91851381354041]
[99.07817044368967, 98.98376125220787, 99.48661889222691, 99.91851381354041, 99.9169656385905]
[98.98376125220787, 99.48661889222691, 99.91851381354041, 99.9169656385905, 99.99183270073583]
[99.48661889222691, 99.91851381354041, 99.9169656385905, 99.99183270073583, 100.21970687460168]
[99.91851381354041, 99.9169656385905, 99.99183270073583, 100.21970687460168, 99.80770949165176]
[99.9169656385905, 99.99183270073583, 100.21970687460168, 99.80770949165176, 99.87736758628974]
[99.99183270073583, 100.21970687460168, 99.80770949165176, 99.87736758628974, 99.79985121010354]
[100.21970687460168, 99.80770949165176, 99.87736758628974, 99.79985121010354, 99.67024656923806]
[99.80770949165176, 99.87736758628974, 99.79985121010354, 99.67024656923806, 99.51954457475081]
[99.87736758628974, 99.79985121010354, 99.67024656923806, 99.51954457475081, 99.57770650602541]
[99.79985121010354, 99.67024656923806, 99.51954457475081, 99.57770650602541, 100.22422447820664]
[99.67024656923806, 99.51954457475081, 99.57770650602541, 100.22422447820664, 100.57870810093935]
[99.51954457475081, 99.57770650602541, 100.22422447820664, 100.57870810093935, 100.08784547341048]
[99.57770650602541, 100.22422447820664, 100.57870810093935, 100.08784547341048, 99.95390126508345]
[100.22422447820664, 100.57870810093935, 100.08784547341048, 99.95390126508345, 99.69482034920732]
[100.57870810093935, 100.08784547341048, 99.95390126508345, 99.69482034920732, 99.80421891350359]
[100.08784547341048, 99.95390126508345, 99.69482034920732, 99.80421891350359, 99.61353677264097]
[99.95390126508345, 99.69482034920732, 99.80421891350359, 99.61353677264097, 99.68481918943415]
[99.69482034920732, 99.80421891350359, 99.61353677264097, 99.68481918943415, 100.20885921870602]
[99.80421891350359, 99.61353677264097, 99.68481918943415, 100.20885921870602, 100.23884749349469]
[99.61353677264097, 99.68481918943415, 100.20885921870602, 100.23884749349469, 100.02750952416868]
[99.68481918943415, 100.20885921870602, 100.23884749349469, 100.02750952416868, 100.2408478784444]
[100.20885921870602, 100.23884749349469, 100.02750952416868, 100.2408478784444, 100.38179345337308]
[100.23884749349469, 100.02750952416868, 100.2408478784444, 100.38179345337308, 100.08477254386361]
[100.02750952416868, 100.2408478784444, 100.38179345337308, 100.08477254386361, 100.25073574087811]
[100.2408478784444, 100.38179345337308, 100.08477254386361, 100.25073574087811, 100.3608995659403]
[100.38179345337308, 100.08477254386361, 100.25073574087811, 100.3608995659403, 100.29981809612869]
[100.08477254386361, 100.25073574087811, 100.3608995659403, 100.29981809612869, 100.0873708942231]
[100.25073574087811, 100.3608995659403, 100.29981809612869, 100.0873708942231, 99.94170474750227]
[100.3608995659403, 100.29981809612869, 100.0873708942231, 99.94170474750227, 99.99655246104172]
[100.29981809612869, 100.0873708942231, 99.94170474750227, 99.99655246104172, 100.13325846402124]
[100.0873708942231, 99.94170474750227, 99.99655246104172, 100.13325846402124, 100.66930124452202]
[99.94170474750227, 99.99655246104172, 100.13325846402124, 100.66930124452202, 100.42709992161015]
[99.99655246104172, 100.13325846402124, 100.66930124452202, 100.42709992161015, 100.30302731467783]
[100.13325846402124, 100.66930124452202, 100.42709992161015, 100.30302731467783, 100.1737031080622]
[100.66930124452202, 100.42709992161015, 100.30302731467783, 100.1737031080622, 100.28260485165279]
[100.42709992161015, 100.30302731467783, 100.1737031080622, 100.28260485165279, 100.13411444678216]
[100.30302731467783, 100.1737031080622, 100.28260485165279, 100.13411444678216, 100.17037738770995]
[100.1737031080622, 100.28260485165279, 100.13411444678216, 100.17037738770995, 100.4380118740685]
[100.28260485165279, 100.13411444678216, 100.17037738770995, 100.4380118740685, 100.29055325194273]
[100.13411444678216, 100.17037738770995, 100.4380118740685, 100.29055325194273, 100.03290266894852]
[100.17037738770995, 100.4380118740685, 100.29055325194273, 100.03290266894852, 99.21073585518683]
[100.4380118740685, 100.29055325194273, 100.03290266894852, 99.21073585518683, 99.26191947930059]
[100.29055325194273, 100.03290266894852, 99.21073585518683, 99.26191947930059, 98.99326802782376]
[100.03290266894852, 99.21073585518683, 99.26191947930059, 98.99326802782376, 99.0106903239887]
[99.21073585518683, 99.26191947930059, 98.99326802782376, 99.0106903239887, 100.04176774671319]
[99.26191947930059, 98.99326802782376, 99.0106903239887, 100.04176774671319, 99.49650045349088]
[98.99326802782376, 99.0106903239887, 100.04176774671319, 99.49650045349088, 100.15873421351515]
[99.0106903239887, 100.04176774671319, 99.49650045349088, 100.15873421351515, 100.01432137096366]
[100.04176774671319, 99.49650045349088, 100.15873421351515, 100.01432137096366, 100.24711294489063]
[99.49650045349088, 100.15873421351515, 100.01432137096366, 100.24711294489063, 100.86613174736539]
[100.15873421351515, 100.01432137096366, 100.24711294489063, 100.86613174736539, 100.7252825412028]
[100.01432137096366, 100.24711294489063, 100.86613174736539, 100.7252825412028, 100.2091907128819]
[100.24711294489063, 100.86613174736539, 100.7252825412028, 100.2091907128819, 100.47003019262768]
[100.86613174736539, 100.7252825412028, 100.2091907128819, 100.47003019262768, 100.59154162872687]
[100.7252825412028, 100.2091907128819, 100.47003019262768, 100.59154162872687, 100.66079934607258]
[100.2091907128819, 100.47003019262768, 100.59154162872687, 100.66079934607258, 101.30089577577681]
[100.47003019262768, 100.59154162872687, 100.66079934607258, 101.30089577577681, 101.31140391749682]
[100.59154162872687, 100.66079934607258, 101.30089577577681, 101.31140391749682, 101.48901823983005]
[100.66079934607258, 101.30089577577681, 101.31140391749682, 101.48901823983005, 101.93536855168294]
[101.30089577577681, 101.31140391749682, 101.48901823983005, 101.93536855168294, 102.50672641536711]
[101.31140391749682, 101.48901823983005, 101.93536855168294, 102.50672641536711, 102.34311333750153]
[101.48901823983005, 101.93536855168294, 102.50672641536711, 102.34311333750153, 102.2869428217061]
[101.93536855168294, 102.50672641536711, 102.34311333750153, 102.2869428217061, 102.15523132984507]
[102.50672641536711, 102.34311333750153, 102.2869428217061, 102.15523132984507, 101.8657143364956]
[102.34311333750153, 102.2869428217061, 102.15523132984507, 101.8657143364956, 102.08464319530937]
[102.2869428217061, 102.15523132984507, 101.8657143364956, 102.08464319530937, 101.96355908110517]
[102.15523132984507, 101.8657143364956, 102.08464319530937, 101.96355908110517, 102.11669111839464]
[101.8657143364956, 102.08464319530937, 101.96355908110517, 102.11669111839464, 102.45592738525265]
[102.08464319530937, 101.96355908110517, 102.11669111839464, 102.45592738525265, 102.55524783749901]
[101.96355908110517, 102.11669111839464, 102.45592738525265, 102.55524783749901, 102.24421893701803]
[102.11669111839464, 102.45592738525265, 102.55524783749901, 102.24421893701803, 102.39037122765416]
[102.45592738525265, 102.55524783749901, 102.24421893701803, 102.39037122765416, 102.85288321302498]
[102.55524783749901, 102.24421893701803, 102.39037122765416, 102.85288321302498, 102.70680542913941]
[102.24421893701803, 102.39037122765416, 102.85288321302498, 102.70680542913941, 103.07815615124032]
[102.39037122765416, 102.85288321302498, 102.70680542913941, 103.07815615124032, 104.14169989246099]
[102.85288321302498, 102.70680542913941, 103.07815615124032, 104.14169989246099, 104.30043196007209]
[102.70680542913941, 103.07815615124032, 104.14169989246099, 104.30043196007209, 104.73142690856112]
[103.07815615124032, 104.14169989246099, 104.30043196007209, 104.73142690856112, 104.98445558340512]
[104.14169989246099, 104.30043196007209, 104.73142690856112, 104.98445558340512, 104.48424857704234]
[104.30043196007209, 104.73142690856112, 104.98445558340512, 104.48424857704234, 104.51261042005177]
[104.73142690856112, 104.98445558340512, 104.48424857704234, 104.51261042005177, 104.62351389596256]
[104.98445558340512, 104.48424857704234, 104.51261042005177, 104.62351389596256, 104.58242882774218]
[104.48424857704234, 104.51261042005177, 104.62351389596256, 104.58242882774218, 104.7395398794211]
[104.51261042005177, 104.62351389596256, 104.58242882774218, 104.7395398794211, 104.74501213237647]
[104.62351389596256, 104.58242882774218, 104.7395398794211, 104.74501213237647, 104.44925595719161]
[104.58242882774218, 104.7395398794211, 104.74501213237647, 104.44925595719161, 104.07599303724609]
[104.7395398794211, 104.74501213237647, 104.44925595719161, 104.07599303724609, 103.6370949413773]
[104.74501213237647, 104.44925595719161, 104.07599303724609, 103.6370949413773, 103.28645874517204]
[104.44925595719161, 104.07599303724609, 103.6370949413773, 103.28645874517204, 103.58276551949075]
[104.07599303724609, 103.6370949413773, 103.28645874517204, 103.58276551949075, 103.35479634366594]
[103.6370949413773, 103.28645874517204, 103.58276551949075, 103.35479634366594, 103.36776639098488]
[103.28645874517204, 103.58276551949075, 103.35479634366594, 103.36776639098488, 103.47006287906322]
[103.58276551949075, 103.35479634366594, 103.36776639098488, 103.47006287906322, 103.30837627185365]
[103.35479634366594, 103.36776639098488, 103.47006287906322, 103.30837627185365, 103.45947319767976]
[103.36776639098488, 103.47006287906322, 103.30837627185365, 103.45947319767976, 103.82454925932336]
[103.47006287906322, 103.30837627185365, 103.45947319767976, 103.82454925932336, 104.06933726172566]
[103.30837627185365, 103.45947319767976, 103.82454925932336, 104.06933726172566, 104.2286170699093]
[103.45947319767976, 103.82454925932336, 104.06933726172566, 104.2286170699093, 103.27532417328172]
[103.82454925932336, 104.06933726172566, 104.2286170699093, 103.27532417328172, 102.99149565864772]
[104.06933726172566, 104.2286170699093, 103.27532417328172, 102.99149565864772, 103.64454921944095]
[104.2286170699093, 103.27532417328172, 102.99149565864772, 103.64454921944095, 104.53038707812357]
[103.27532417328172, 102.99149565864772, 103.64454921944095, 104.53038707812357, 104.04987834208454]
[102.99149565864772, 103.64454921944095, 104.53038707812357, 104.04987834208454, 103.49434653952405]
[103.64454921944095, 104.53038707812357, 104.04987834208454, 103.49434653952405, 104.2578340182721]
[104.53038707812357, 104.04987834208454, 103.49434653952405, 104.2578340182721, 104.23921253814301]
[104.04987834208454, 103.49434653952405, 104.2578340182721, 104.23921253814301, 104.07468362732061]
[103.49434653952405, 104.2578340182721, 104.23921253814301, 104.07468362732061, 104.03442174177579]
[104.2578340182721, 104.23921253814301, 104.07468362732061, 104.03442174177579, 103.5844495463392]
[104.23921253814301, 104.07468362732061, 104.03442174177579, 103.5844495463392, 104.01682857587957]
[104.07468362732061, 104.03442174177579, 103.5844495463392, 104.01682857587957, 104.32451441528752]
[104.03442174177579, 103.5844495463392, 104.01682857587957, 104.32451441528752, 104.17828650083763]
[103.5844495463392, 104.01682857587957, 104.32451441528752, 104.17828650083763, 104.57116589450952]
[104.01682857587957, 104.32451441528752, 104.17828650083763, 104.57116589450952, 104.82384177675789]
[104.32451441528752, 104.17828650083763, 104.57116589450952, 104.82384177675789, 104.74440418402321]
[104.17828650083763, 104.57116589450952, 104.82384177675789, 104.74440418402321, 104.83811416090609]
[104.57116589450952, 104.82384177675789, 104.74440418402321, 104.83811416090609, 104.56413912134457]
[104.82384177675789, 104.74440418402321, 104.83811416090609, 104.56413912134457, 104.35998866139975]
[104.74440418402321, 104.83811416090609, 104.56413912134457, 104.35998866139975, 104.72614593651532]
[104.83811416090609, 104.56413912134457, 104.35998866139975, 104.72614593651532, 103.91138318164124]
[104.56413912134457, 104.35998866139975, 104.72614593651532, 103.91138318164124, 103.77930841214695]
[104.35998866139975, 104.72614593651532, 103.91138318164124, 103.77930841214695, 103.99604938691166]
[104.72614593651532, 103.91138318164124, 103.77930841214695, 103.99604938691166, 104.29863273011487]
[103.91138318164124, 103.77930841214695, 103.99604938691166, 104.29863273011487, 104.68693719145254]
[103.77930841214695, 103.99604938691166, 104.29863273011487, 104.68693719145254, 104.01496774357584]
[103.99604938691166, 104.29863273011487, 104.68693719145254, 104.01496774357584, 103.92349175737695]
[104.29863273011487, 104.68693719145254, 104.01496774357584, 103.92349175737695, 103.97008261706218]
[104.68693719145254, 104.01496774357584, 103.92349175737695, 103.97008261706218, 104.05656207493122]
[104.01496774357584, 103.92349175737695, 103.97008261706218, 104.05656207493122, 103.57493545479106]
[103.92349175737695, 103.97008261706218, 104.05656207493122, 103.57493545479106, 103.35735599937321]
[103.97008261706218, 104.05656207493122, 103.57493545479106, 103.35735599937321, 103.42005163437973]
[104.05656207493122, 103.57493545479106, 103.35735599937321, 103.42005163437973, 102.5880923938939]
[103.57493545479106, 103.35735599937321, 103.42005163437973, 102.5880923938939, 101.85633854043529]
[103.35735599937321, 103.42005163437973, 102.5880923938939, 101.85633854043529, 101.88400505132688]
[103.42005163437973, 102.5880923938939, 101.85633854043529, 101.88400505132688, 101.83320606711112]
[102.5880923938939, 101.85633854043529, 101.88400505132688, 101.83320606711112, 102.11935065804165]
[101.85633854043529, 101.88400505132688, 101.83320606711112, 102.11935065804165, 101.96442861859889]
[101.88400505132688, 101.83320606711112, 102.11935065804165, 101.96442861859889, 102.51156509150628]
[101.83320606711112, 102.11935065804165, 101.96442861859889, 102.51156509150628, 102.93306480828285]
[102.11935065804165, 101.96442861859889, 102.51156509150628, 102.93306480828285, 102.79632380856451]
[101.96442861859889, 102.51156509150628, 102.93306480828285, 102.79632380856451, 103.13363520275394]
[102.51156509150628, 102.93306480828285, 102.79632380856451, 103.13363520275394, 102.8598891700843]
[102.93306480828285, 102.79632380856451, 103.13363520275394, 102.8598891700843, 102.61200774595454]
[102.79632380856451, 103.13363520275394, 102.8598891700843, 102.61200774595454, 103.07341374597428]
[103.13363520275394, 102.8598891700843, 102.61200774595454, 103.07341374597428, 103.07369956216294]
[102.8598891700843, 102.61200774595454, 103.07341374597428, 103.07369956216294, 102.71150028807712]
[102.61200774595454, 103.07341374597428, 103.07369956216294, 102.71150028807712, 102.7281930691058]
[103.07341374597428, 103.07369956216294, 102.71150028807712, 102.7281930691058, 102.94518852858101]
[103.07369956216294, 102.71150028807712, 102.7281930691058, 102.94518852858101, 102.97426575264956]
[102.71150028807712, 102.7281930691058, 102.94518852858101, 102.97426575264956, 103.82744691429394]
[102.7281930691058, 102.94518852858101, 102.97426575264956, 103.82744691429394, 103.77733029077635]
[102.94518852858101, 102.97426575264956, 103.82744691429394, 103.77733029077635, 104.01365008401517]
[102.97426575264956, 103.82744691429394, 103.77733029077635, 104.01365008401517, 103.83905511929666]
[103.82744691429394, 103.77733029077635, 104.01365008401517, 103.83905511929666, 103.23432631288013]
[103.77733029077635, 104.01365008401517, 103.83905511929666, 103.23432631288013, 103.40944192827142]
[104.01365008401517, 103.83905511929666, 103.23432631288013, 103.40944192827142, 103.33119734213467]
[103.83905511929666, 103.23432631288013, 103.40944192827142, 103.33119734213467, 103.62008058624644]
[103.23432631288013, 103.40944192827142, 103.33119734213467, 103.62008058624644, 103.75130632751198]
[103.40944192827142, 103.33119734213467, 103.62008058624644, 103.75130632751198, 103.65407314257092]
[103.33119734213467, 103.62008058624644, 103.75130632751198, 103.65407314257092, 103.45730721488273]
[103.62008058624644, 103.75130632751198, 103.65407314257092, 103.45730721488273, 103.7091630321737]
[103.75130632751198, 103.65407314257092, 103.45730721488273, 103.7091630321737, 103.48852915093426]
[103.65407314257092, 103.45730721488273, 103.7091630321737, 103.48852915093426, 103.05415783901812]
[103.45730721488273, 103.7091630321737, 103.48852915093426, 103.05415783901812, 103.25697320701853]
[103.7091630321737, 103.48852915093426, 103.05415783901812, 103.25697320701853, 103.44674057456027]
[103.48852915093426, 103.05415783901812, 103.25697320701853, 103.44674057456027, 103.85384642739236]
[103.05415783901812, 103.25697320701853, 103.44674057456027, 103.85384642739236, 103.83998510946259]
[103.25697320701853, 103.44674057456027, 103.85384642739236, 103.83998510946259, 103.99689877350707]
[103.44674057456027, 103.85384642739236, 103.83998510946259, 103.99689877350707, 104.13915367981863]
[103.85384642739236, 103.83998510946259, 103.99689877350707, 104.13915367981863, 104.29767167853115]
[103.83998510946259, 103.99689877350707, 104.13915367981863, 104.29767167853115, 104.17970385439092]
[103.99689877350707, 104.13915367981863, 104.29767167853115, 104.17970385439092, 104.29433532720074]
[104.13915367981863, 104.29767167853115, 104.17970385439092, 104.29433532720074, 104.12391956773993]
[104.29767167853115, 104.17970385439092, 104.29433532720074, 104.12391956773993, 104.40114919417903]
[104.17970385439092, 104.29433532720074, 104.12391956773993, 104.40114919417903, 104.63966800330107]
[104.29433532720074, 104.12391956773993, 104.40114919417903, 104.63966800330107, 104.60122341287376]
[104.12391956773993, 104.40114919417903, 104.63966800330107, 104.60122341287376, 104.60203797662675]
[104.40114919417903, 104.63966800330107, 104.60122341287376, 104.60203797662675, 104.54295046938154]
[104.63966800330107, 104.60122341287376, 104.60203797662675, 104.54295046938154, 104.33422687435386]
[104.60122341287376, 104.60203797662675, 104.54295046938154, 104.33422687435386, 103.79704712188158]
[104.60203797662675, 104.54295046938154, 104.33422687435386, 103.79704712188158, 103.37644675263203]
[104.54295046938154, 104.33422687435386, 103.79704712188158, 103.37644675263203, 103.14302930157992]
[104.33422687435386, 103.79704712188158, 103.37644675263203, 103.14302930157992, 103.27359150448774]
[103.79704712188158, 103.37644675263203, 103.14302930157992, 103.27359150448774, 103.65940498808418]
[103.37644675263203, 103.14302930157992, 103.27359150448774, 103.65940498808418, 103.34103200330595]
[103.14302930157992, 103.27359150448774, 103.65940498808418, 103.34103200330595, 103.92466756851763]
[103.27359150448774, 103.65940498808418, 103.34103200330595, 103.92466756851763, 104.41866191617575]
[103.65940498808418, 103.34103200330595, 103.92466756851763, 104.41866191617575, 104.2574815104903]
[103.34103200330595, 103.92466756851763, 104.41866191617575, 104.2574815104903, 104.33982782769519]
[103.92466756851763, 104.41866191617575, 104.2574815104903, 104.33982782769519, 104.17687342850193]
[104.41866191617575, 104.2574815104903, 104.33982782769519, 104.17687342850193, 104.15983243499272]
[104.2574815104903, 104.33982782769519, 104.17687342850193, 104.15983243499272, 104.14029079686388]
[104.33982782769519, 104.17687342850193, 104.15983243499272, 104.14029079686388, 103.70721388398039]
[104.17687342850193, 104.15983243499272, 104.14029079686388, 103.70721388398039, 104.30318041153001]
[104.15983243499272, 104.14029079686388, 103.70721388398039, 104.30318041153001, 104.30718403867304]
[104.14029079686388, 103.70721388398039, 104.30318041153001, 104.30718403867304, 104.2814394773057]
[103.70721388398039, 104.30318041153001, 104.30718403867304, 104.2814394773057, 104.18549866259457]
[104.30318041153001, 104.30718403867304, 104.2814394773057, 104.18549866259457, 104.22783678477754]
[104.30718403867304, 104.2814394773057, 104.18549866259457, 104.22783678477754, 104.49546715742603]
[104.2814394773057, 104.18549866259457, 104.22783678477754, 104.49546715742603, 104.47055894644782]
[104.18549866259457, 104.22783678477754, 104.49546715742603, 104.47055894644782, 104.41943538483555]
[104.22783678477754, 104.49546715742603, 104.47055894644782, 104.41943538483555, 104.36499257401937]
[104.49546715742603, 104.47055894644782, 104.41943538483555, 104.36499257401937, 104.30415273859991]
[104.47055894644782, 104.41943538483555, 104.36499257401937, 104.30415273859991, 104.31607420003436]
[104.41943538483555, 104.36499257401937, 104.30415273859991, 104.31607420003436, 104.57066385075595]
[104.36499257401937, 104.30415273859991, 104.31607420003436, 104.57066385075595, 104.72426734509752]
[104.30415273859991, 104.31607420003436, 104.57066385075595, 104.72426734509752, 104.70849198649773]
[104.31607420003436, 104.57066385075595, 104.72426734509752, 104.70849198649773, 104.9714271685958]
[104.57066385075595, 104.72426734509752, 104.70849198649773, 104.9714271685958, 104.4317710440303]
[104.72426734509752, 104.70849198649773, 104.9714271685958, 104.4317710440303, 104.94701407699034]
[104.70849198649773, 104.9714271685958, 104.4317710440303, 104.94701407699034, 105.08593696174349]
[104.9714271685958, 104.4317710440303, 104.94701407699034, 105.08593696174349, 104.88172683653796]
[104.4317710440303, 104.94701407699034, 105.08593696174349, 104.88172683653796, 104.65824560424944]
[104.94701407699034, 105.08593696174349, 104.88172683653796, 104.65824560424944, 104.28819958116598]
[105.08593696174349, 104.88172683653796, 104.65824560424944, 104.28819958116598, 104.0918140509878]
[104.88172683653796, 104.65824560424944, 104.28819958116598, 104.0918140509878, 103.72152332059134]
[104.65824560424944, 104.28819958116598, 104.0918140509878, 103.72152332059134, 104.06712436995454]
[104.28819958116598, 104.0918140509878, 103.72152332059134, 104.06712436995454, 103.50945145781104]
[104.0918140509878, 103.72152332059134, 104.06712436995454, 103.50945145781104, 103.36993250389413]
[103.72152332059134, 104.06712436995454, 103.50945145781104, 103.36993250389413, 103.31588393600671]
[104.06712436995454, 103.50945145781104, 103.36993250389413, 103.31588393600671, 103.17119751329976]
[103.50945145781104, 103.36993250389413, 103.31588393600671, 103.17119751329976, 103.1624080296498]
[103.36993250389413, 103.31588393600671, 103.17119751329976, 103.1624080296498, 103.41536357895437]
[103.31588393600671, 103.17119751329976, 103.1624080296498, 103.41536357895437, 103.26414040519194]
[103.17119751329976, 103.1624080296498, 103.41536357895437, 103.26414040519194, 102.91552126932298]
[103.1624080296498, 103.41536357895437, 103.26414040519194, 102.91552126932298, 102.6982127597682]
[103.41536357895437, 103.26414040519194, 102.91552126932298, 102.6982127597682, 102.81583498750348]
[103.26414040519194, 102.91552126932298, 102.6982127597682, 102.81583498750348, 102.8764044949206]
[102.91552126932298, 102.6982127597682, 102.81583498750348, 102.8764044949206, 103.06143144385099]
[102.6982127597682, 102.81583498750348, 102.8764044949206, 103.06143144385099, 103.15875327106947]
[102.81583498750348, 102.8764044949206, 103.06143144385099, 103.15875327106947, 103.39385401771341]
[102.8764044949206, 103.06143144385099, 103.15875327106947, 103.39385401771341, 103.37047389387547]
[103.06143144385099, 103.15875327106947, 103.39385401771341, 103.37047389387547, 103.05296077592124]
[103.15875327106947, 103.39385401771341, 103.37047389387547, 103.05296077592124, 103.09876352442032]
[103.39385401771341, 103.37047389387547, 103.05296077592124, 103.09876352442032, 103.1855560662593]
[103.37047389387547, 103.05296077592124, 103.09876352442032, 103.1855560662593, 103.2661018096541]
[103.05296077592124, 103.09876352442032, 103.1855560662593, 103.2661018096541, 102.64722910459757]
[103.09876352442032, 103.1855560662593, 103.2661018096541, 102.64722910459757, 102.42544093735249]
[103.1855560662593, 103.2661018096541, 102.64722910459757, 102.42544093735249, 102.74117078099607]
[103.2661018096541, 102.64722910459757, 102.42544093735249, 102.74117078099607, 102.99544139908137]
[102.64722910459757, 102.42544093735249, 102.74117078099607, 102.99544139908137, 102.79199327253036]
[102.42544093735249, 102.74117078099607, 102.99544139908137, 102.79199327253036, 102.774636158006]
[102.74117078099607, 102.99544139908137, 102.79199327253036, 102.774636158006, 103.14402400210926]
[102.99544139908137, 102.79199327253036, 102.774636158006, 103.14402400210926, 103.31426220573675]
[102.79199327253036, 102.774636158006, 103.14402400210926, 103.31426220573675, 103.55885700874715]
[102.774636158006, 103.14402400210926, 103.31426220573675, 103.55885700874715, 103.75935688789899]
[103.14402400210926, 103.31426220573675, 103.55885700874715, 103.75935688789899, 103.61722435543905]
[103.31426220573675, 103.55885700874715, 103.75935688789899, 103.61722435543905, 103.89874111488162]
[103.55885700874715, 103.75935688789899, 103.61722435543905, 103.89874111488162, 103.21563384674111]
[103.75935688789899, 103.61722435543905, 103.89874111488162, 103.21563384674111, 102.85112662836391]
[103.61722435543905, 103.89874111488162, 103.21563384674111, 102.85112662836391, 102.8560059969136]
[103.89874111488162, 103.21563384674111, 102.85112662836391, 102.8560059969136, 102.7397404267434]
[103.21563384674111, 102.85112662836391, 102.8560059969136, 102.7397404267434, 103.11323753995359]
[102.85112662836391, 102.8560059969136, 102.7397404267434, 103.11323753995359, 103.12457428211341]
[102.8560059969136, 102.7397404267434, 103.11323753995359, 103.12457428211341, 103.54968522997243]
[102.7397404267434, 103.11323753995359, 103.12457428211341, 103.54968522997243, 103.675783865632]
[103.11323753995359, 103.12457428211341, 103.54968522997243, 103.675783865632, 103.65815680205961]
[103.12457428211341, 103.54968522997243, 103.675783865632, 103.65815680205961, 103.05617365465481]
[103.54968522997243, 103.675783865632, 103.65815680205961, 103.05617365465481, 102.91182454407935]
[103.675783865632, 103.65815680205961, 103.05617365465481, 102.91182454407935, 103.24390128970116]
[103.65815680205961, 103.05617365465481, 102.91182454407935, 103.24390128970116, 102.87463739327191]
[103.05617365465481, 102.91182454407935, 103.24390128970116, 102.87463739327191, 102.99448284457691]
[102.91182454407935, 103.24390128970116, 102.87463739327191, 102.99448284457691, 102.67710222885196]
[103.24390128970116, 102.87463739327191, 102.99448284457691, 102.67710222885196, 102.43143943840562]
[102.87463739327191, 102.99448284457691, 102.67710222885196, 102.43143943840562, 102.36678655702785]
[102.99448284457691, 102.67710222885196, 102.43143943840562, 102.36678655702785, 102.50911934674936]
[102.67710222885196, 102.43143943840562, 102.36678655702785, 102.50911934674936, 102.55907025409334]
[102.43143943840562, 102.36678655702785, 102.50911934674936, 102.55907025409334, 102.9487813732376]
[102.36678655702785, 102.50911934674936, 102.55907025409334, 102.9487813732376, 103.15164720137811]
[102.50911934674936, 102.55907025409334, 102.9487813732376, 103.15164720137811, 102.95231093404594]
[102.55907025409334, 102.9487813732376, 103.15164720137811, 102.95231093404594, 102.7521893772262]
[102.9487813732376, 103.15164720137811, 102.95231093404594, 102.7521893772262, 102.88023911620694]
[103.15164720137811, 102.95231093404594, 102.7521893772262, 102.88023911620694, 102.61395845977133]
[102.95231093404594, 102.7521893772262, 102.88023911620694, 102.61395845977133, 103.21765375738762]
[102.7521893772262, 102.88023911620694, 102.61395845977133, 103.21765375738762, 103.50301544826335]
[102.88023911620694, 102.61395845977133, 103.21765375738762, 103.50301544826335, 104.15586956560057]
[102.61395845977133, 103.21765375738762, 103.50301544826335, 104.15586956560057, 104.0767998154414]
[103.21765375738762, 103.50301544826335, 104.15586956560057, 104.0767998154414, 104.40696448858715]
[103.50301544826335, 104.15586956560057, 104.0767998154414, 104.40696448858715, 104.18739511955872]
[104.15586956560057, 104.0767998154414, 104.40696448858715, 104.18739511955872, 104.35945021345591]
[104.0767998154414, 104.40696448858715, 104.18739511955872, 104.35945021345591, 104.63645702806596]
[104.40696448858715, 104.18739511955872, 104.35945021345591, 104.63645702806596, 104.70431082477914]
[104.18739511955872, 104.35945021345591, 104.63645702806596, 104.70431082477914, 104.58114467231779]
[104.35945021345591, 104.63645702806596, 104.70431082477914, 104.58114467231779, 103.79047992974174]
[104.63645702806596, 104.70431082477914, 104.58114467231779, 103.79047992974174, 103.5382945078285]
[104.70431082477914, 104.58114467231779, 103.79047992974174, 103.5382945078285, 103.85480032987532]
[104.58114467231779, 103.79047992974174, 103.5382945078285, 103.85480032987532, 103.8801889661798]
[103.79047992974174, 103.5382945078285, 103.85480032987532, 103.8801889661798, 103.06360508310229]
[103.5382945078285, 103.85480032987532, 103.8801889661798, 103.06360508310229, 102.65558966577127]
[103.85480032987532, 103.8801889661798, 103.06360508310229, 102.65558966577127, 103.19104345688602]
[103.8801889661798, 103.06360508310229, 102.65558966577127, 103.19104345688602, 103.42931443361027]
[103.06360508310229, 102.65558966577127, 103.19104345688602, 103.42931443361027, 103.5894476692768]
[102.65558966577127, 103.19104345688602, 103.42931443361027, 103.5894476692768, 103.67494124127276]
[103.19104345688602, 103.42931443361027, 103.5894476692768, 103.67494124127276, 103.27299002101968]
[103.42931443361027, 103.5894476692768, 103.67494124127276, 103.27299002101968, 102.97274626090255]
[103.5894476692768, 103.67494124127276, 103.27299002101968, 102.97274626090255, 102.93498784102499]
[103.67494124127276, 103.27299002101968, 102.97274626090255, 102.93498784102499, 102.81078447824751]
[103.27299002101968, 102.97274626090255, 102.93498784102499, 102.81078447824751, 103.21643238698978]
[102.97274626090255, 102.93498784102499, 102.81078447824751, 103.21643238698978, 102.86393067055377]
[102.93498784102499, 102.81078447824751, 103.21643238698978, 102.86393067055377, 102.63846570994859]
[102.81078447824751, 103.21643238698978, 102.86393067055377, 102.63846570994859, 102.26881647871237]
[103.21643238698978, 102.86393067055377, 102.63846570994859, 102.26881647871237, 101.84420696542198]
[102.86393067055377, 102.63846570994859, 102.26881647871237, 101.84420696542198, 101.48578919664469]
[102.63846570994859, 102.26881647871237, 101.84420696542198, 101.48578919664469, 101.30731131259526]
[102.26881647871237, 101.84420696542198, 101.48578919664469, 101.30731131259526, 101.64104621988466]
[101.84420696542198, 101.48578919664469, 101.30731131259526, 101.64104621988466, 101.81895552551674]
[101.48578919664469, 101.30731131259526, 101.64104621988466, 101.81895552551674, 101.47025246668906]
[101.30731131259526, 101.64104621988466, 101.81895552551674, 101.47025246668906, 101.25262179141018]
[101.64104621988466, 101.81895552551674, 101.47025246668906, 101.25262179141018, 101.08699578657388]
[101.81895552551674, 101.47025246668906, 101.25262179141018, 101.08699578657388, 101.31052153431523]
[101.47025246668906, 101.25262179141018, 101.08699578657388, 101.31052153431523, 101.03654349418487]
[101.25262179141018, 101.08699578657388, 101.31052153431523, 101.03654349418487, 101.62417985055419]
[101.08699578657388, 101.31052153431523, 101.03654349418487, 101.62417985055419, 101.77555645481121]
[101.31052153431523, 101.03654349418487, 101.62417985055419, 101.77555645481121, 102.39736074251293]
[101.03654349418487, 101.62417985055419, 101.77555645481121, 102.39736074251293, 102.31015631628712]
[101.62417985055419, 101.77555645481121, 102.39736074251293, 102.31015631628712, 102.63262583411381]
[101.77555645481121, 102.39736074251293, 102.31015631628712, 102.63262583411381, 102.8021177185159]
[102.39736074251293, 102.31015631628712, 102.63262583411381, 102.8021177185159, 102.58138097023553]
[102.31015631628712, 102.63262583411381, 102.8021177185159, 102.58138097023553, 102.48091828537274]
[102.63262583411381, 102.8021177185159, 102.58138097023553, 102.48091828537274, 102.32248140045583]
[102.8021177185159, 102.58138097023553, 102.48091828537274, 102.32248140045583, 102.55309531385701]
[102.58138097023553, 102.48091828537274, 102.32248140045583, 102.55309531385701, 102.66625081301119]
[102.48091828537274, 102.32248140045583, 102.55309531385701, 102.66625081301119, 103.1722329667667]
[102.32248140045583, 102.55309531385701, 102.66625081301119, 103.1722329667667, 103.38286727528696]
[102.55309531385701, 102.66625081301119, 103.1722329667667, 103.38286727528696, 103.4299666763356]
[102.66625081301119, 103.1722329667667, 103.38286727528696, 103.4299666763356, 103.29580838819788]
[103.1722329667667, 103.38286727528696, 103.4299666763356, 103.29580838819788, 103.21279034167108]
[103.38286727528696, 103.4299666763356, 103.29580838819788, 103.21279034167108, 103.40468262076]
[103.4299666763356, 103.29580838819788, 103.21279034167108, 103.40468262076, 103.3139910456996]
[103.29580838819788, 103.21279034167108, 103.40468262076, 103.3139910456996, 103.41360843903193]
[103.21279034167108, 103.40468262076, 103.3139910456996, 103.41360843903193, 103.51012837396536]
[103.40468262076, 103.3139910456996, 103.41360843903193, 103.51012837396536, 103.66768452023422]
[103.3139910456996, 103.41360843903193, 103.51012837396536, 103.66768452023422, 103.55376439376084]
[103.41360843903193, 103.51012837396536, 103.66768452023422, 103.55376439376084, 103.91883209881077]
[103.51012837396536, 103.66768452023422, 103.55376439376084, 103.91883209881077, 103.53362628204415]
[103.66768452023422, 103.55376439376084, 103.91883209881077, 103.53362628204415, 103.14438117799267]
[103.55376439376084, 103.91883209881077, 103.53362628204415, 103.14438117799267, 103.18517652791493]
[103.91883209881077, 103.53362628204415, 103.14438117799267, 103.18517652791493, 103.02274169230475]
[103.53362628204415, 103.14438117799267, 103.18517652791493, 103.02274169230475, 103.0791358356384]
[103.14438117799267, 103.18517652791493, 103.02274169230475, 103.0791358356384, 102.89652027581903]
[103.18517652791493, 103.02274169230475, 103.0791358356384, 102.89652027581903, 102.47441876939635]
[103.02274169230475, 103.0791358356384, 102.89652027581903, 102.47441876939635, 102.94051354911672]
[103.0791358356384, 102.89652027581903, 102.47441876939635, 102.94051354911672, 102.87641189509337]
[102.89652027581903, 102.47441876939635, 102.94051354911672, 102.87641189509337, 102.76404240073107]
[102.47441876939635, 102.94051354911672, 102.87641189509337, 102.76404240073107, 102.89868173486543]
[102.94051354911672, 102.87641189509337, 102.76404240073107, 102.89868173486543, 102.77112466943626]
[102.87641189509337, 102.76404240073107, 102.89868173486543, 102.77112466943626, 102.17728001211881]
[102.76404240073107, 102.89868173486543, 102.77112466943626, 102.17728001211881, 102.6145733050862]
[102.89868173486543, 102.77112466943626, 102.17728001211881, 102.6145733050862, 102.844947250356]
[102.77112466943626, 102.17728001211881, 102.6145733050862, 102.844947250356, 102.84890910203049]
[102.17728001211881, 102.6145733050862, 102.844947250356, 102.84890910203049, 103.56433175894058]
[102.6145733050862, 102.844947250356, 102.84890910203049, 103.56433175894058, 103.4470190170834]
[102.844947250356, 102.84890910203049, 103.56433175894058, 103.4470190170834, 103.3436909016459]
[102.84890910203049, 103.56433175894058, 103.4470190170834, 103.3436909016459, 103.50930463238001]
[103.56433175894058, 103.4470190170834, 103.3436909016459, 103.50930463238001, 103.17229219454518]
[103.4470190170834, 103.3436909016459, 103.50930463238001, 103.17229219454518, 103.06672147398689]
[103.3436909016459, 103.50930463238001, 103.17229219454518, 103.06672147398689, 102.97249131582024]
[103.50930463238001, 103.17229219454518, 103.06672147398689, 102.97249131582024, 103.55366287463978]
[103.17229219454518, 103.06672147398689, 102.97249131582024, 103.55366287463978, 103.67508601663228]
[103.06672147398689, 102.97249131582024, 103.55366287463978, 103.67508601663228, 103.62723637899077]
[102.97249131582024, 103.55366287463978, 103.67508601663228, 103.62723637899077, 103.68759499687201]
[103.55366287463978, 103.67508601663228, 103.62723637899077, 103.68759499687201, 103.50596390884358]
[103.67508601663228, 103.62723637899077, 103.68759499687201, 103.50596390884358, 103.28546900055173]
[103.62723637899077, 103.68759499687201, 103.50596390884358, 103.28546900055173, 103.75991805377708]
[103.68759499687201, 103.50596390884358, 103.28546900055173, 103.75991805377708, 103.7211021993152]
[103.50596390884358, 103.28546900055173, 103.75991805377708, 103.7211021993152, 103.9033558044826]
[103.28546900055173, 103.75991805377708, 103.7211021993152, 103.9033558044826, 103.5278341754941]
[103.75991805377708, 103.7211021993152, 103.9033558044826, 103.5278341754941, 103.25634746385457]
[103.7211021993152, 103.9033558044826, 103.5278341754941, 103.25634746385457, 103.67274203031454]
[103.9033558044826, 103.5278341754941, 103.25634746385457, 103.67274203031454, 103.96377946369037]
[103.5278341754941, 103.25634746385457, 103.67274203031454, 103.96377946369037, 103.94463006928882]
[103.25634746385457, 103.67274203031454, 103.96377946369037, 103.94463006928882, 103.91257178535041]
[103.67274203031454, 103.96377946369037, 103.94463006928882, 103.91257178535041, 103.37106484410513]
[103.96377946369037, 103.94463006928882, 103.91257178535041, 103.37106484410513, 103.65494203605107]
[103.94463006928882, 103.91257178535041, 103.37106484410513, 103.65494203605107, 103.46663175860299]
[103.91257178535041, 103.37106484410513, 103.65494203605107, 103.46663175860299, 103.83942114506605]
[103.37106484410513, 103.65494203605107, 103.46663175860299, 103.83942114506605, 104.33849556817135]
[103.65494203605107, 103.46663175860299, 103.83942114506605, 104.33849556817135, 104.46637281998524]
[103.46663175860299, 103.83942114506605, 104.33849556817135, 104.46637281998524, 104.27881864856843]
[103.83942114506605, 104.33849556817135, 104.46637281998524, 104.27881864856843, 104.19129407904971]
[104.33849556817135, 104.46637281998524, 104.27881864856843, 104.19129407904971, 104.06801150760981]
[104.46637281998524, 104.27881864856843, 104.19129407904971, 104.06801150760981, 103.70212755970516]
[104.27881864856843, 104.19129407904971, 104.06801150760981, 103.70212755970516, 103.85819718030761]
[104.19129407904971, 104.06801150760981, 103.70212755970516, 103.85819718030761, 103.88052306798465]
[104.06801150760981, 103.70212755970516, 103.85819718030761, 103.88052306798465, 103.28932794146273]
[103.70212755970516, 103.85819718030761, 103.88052306798465, 103.28932794146273, 103.10629454033231]
[103.85819718030761, 103.88052306798465, 103.28932794146273, 103.10629454033231, 102.54077280732128]
[103.88052306798465, 103.28932794146273, 103.10629454033231, 102.54077280732128, 102.73423135114552]
[103.28932794146273, 103.10629454033231, 102.54077280732128, 102.73423135114552, 102.74618491583733]
[103.10629454033231, 102.54077280732128, 102.73423135114552, 102.74618491583733, 102.61713559698754]
[102.54077280732128, 102.73423135114552, 102.74618491583733, 102.61713559698754, 102.96199699500202]
[102.73423135114552, 102.74618491583733, 102.61713559698754, 102.96199699500202, 103.22337566306089]
[102.74618491583733, 102.61713559698754, 102.96199699500202, 103.22337566306089, 103.69707700085156]
[102.61713559698754, 102.96199699500202, 103.22337566306089, 103.69707700085156, 103.52024517705264]
[102.96199699500202, 103.22337566306089, 103.69707700085156, 103.52024517705264, 103.98489291653529]
[103.22337566306089, 103.69707700085156, 103.52024517705264, 103.98489291653529, 104.29285599859975]
[103.69707700085156, 103.52024517705264, 103.98489291653529, 104.29285599859975, 105.08415936384407]
[103.52024517705264, 103.98489291653529, 104.29285599859975, 105.08415936384407, 104.83438026784448]
[103.98489291653529, 104.29285599859975, 105.08415936384407, 104.83438026784448, 104.75093700275963]
[104.29285599859975, 105.08415936384407, 104.83438026784448, 104.75093700275963, 104.76793967255723]
[105.08415936384407, 104.83438026784448, 104.75093700275963, 104.76793967255723, 104.35039338416436]
[104.83438026784448, 104.75093700275963, 104.76793967255723, 104.35039338416436, 104.48155997379347]
[104.75093700275963, 104.76793967255723, 104.35039338416436, 104.48155997379347, 104.59766883349586]
[104.76793967255723, 104.35039338416436, 104.48155997379347, 104.59766883349586, 104.6518055347835]
[104.35039338416436, 104.48155997379347, 104.59766883349586, 104.6518055347835, 104.85282455771694]
[104.48155997379347, 104.59766883349586, 104.6518055347835, 104.85282455771694, 104.56015969034065]
[104.59766883349586, 104.6518055347835, 104.85282455771694, 104.56015969034065, 104.82100759644837]
[104.6518055347835, 104.85282455771694, 104.56015969034065, 104.82100759644837, 104.73248950560279]
[104.85282455771694, 104.56015969034065, 104.82100759644837, 104.73248950560279, 104.8661830432465]
[104.56015969034065, 104.82100759644837, 104.73248950560279, 104.8661830432465, 104.48589512678663]
[104.82100759644837, 104.73248950560279, 104.8661830432465, 104.48589512678663, 104.22911161302717]
[104.73248950560279, 104.8661830432465, 104.48589512678663, 104.22911161302717, 104.78375965450573]
[104.8661830432465, 104.48589512678663, 104.22911161302717, 104.78375965450573, 104.76045331488724]
[104.48589512678663, 104.22911161302717, 104.78375965450573, 104.76045331488724, 104.72130959408831]
[104.22911161302717, 104.78375965450573, 104.76045331488724, 104.72130959408831, 104.88418470096146]
[104.78375965450573, 104.76045331488724, 104.72130959408831, 104.88418470096146, 105.09343268580794]
[104.76045331488724, 104.72130959408831, 104.88418470096146, 105.09343268580794, 105.43316046601691]
[104.72130959408831, 104.88418470096146, 105.09343268580794, 105.43316046601691, 105.53230723388742]
[104.88418470096146, 105.09343268580794, 105.43316046601691, 105.53230723388742, 105.97987251228648]
[105.09343268580794, 105.43316046601691, 105.53230723388742, 105.97987251228648, 106.01968448435471]
[105.43316046601691, 105.53230723388742, 105.97987251228648, 106.01968448435471, 106.04673188863542]
[105.53230723388742, 105.97987251228648, 106.01968448435471, 106.04673188863542, 106.38670760266058]
[105.97987251228648, 106.01968448435471, 106.04673188863542, 106.38670760266058, 106.2211079198457]
[106.01968448435471, 106.04673188863542, 106.38670760266058, 106.2211079198457, 105.93260757943217]
[106.04673188863542, 106.38670760266058, 106.2211079198457, 105.93260757943217, 106.11256147767043]
[106.38670760266058, 106.2211079198457, 105.93260757943217, 106.11256147767043, 106.20878951190593]
[106.2211079198457, 105.93260757943217, 106.11256147767043, 106.20878951190593, 106.40512050646394]
[105.93260757943217, 106.11256147767043, 106.20878951190593, 106.40512050646394, 106.51412007972144]
[106.11256147767043, 106.20878951190593, 106.40512050646394, 106.51412007972144, 106.3778077595462]
[106.20878951190593, 106.40512050646394, 106.51412007972144, 106.3778077595462, 106.24342093917612]
[106.40512050646394, 106.51412007972144, 106.3778077595462, 106.24342093917612, 105.7971997022408]
[106.51412007972144, 106.3778077595462, 106.24342093917612, 105.7971997022408, 106.11627533760732]
[106.3778077595462, 106.24342093917612, 105.7971997022408, 106.11627533760732, 106.33108618073017]
[106.24342093917612, 105.7971997022408, 106.11627533760732, 106.33108618073017, 105.7636135822021]
[105.7971997022408, 106.11627533760732, 106.33108618073017, 105.7636135822021, 105.83550767285188]
[106.11627533760732, 106.33108618073017, 105.7636135822021, 105.83550767285188, 106.60801571630566]
[106.33108618073017, 105.7636135822021, 105.83550767285188, 106.60801571630566, 106.29490370019128]
[105.7636135822021, 105.83550767285188, 106.60801571630566, 106.29490370019128, 106.21939693718642]
[105.83550767285188, 106.60801571630566, 106.29490370019128, 106.21939693718642, 105.8593391697228]
[106.60801571630566, 106.29490370019128, 106.21939693718642, 105.8593391697228, 105.75193308316615]
[106.29490370019128, 106.21939693718642, 105.8593391697228, 105.75193308316615, 105.70675330392453]
[106.21939693718642, 105.8593391697228, 105.75193308316615, 105.70675330392453, 104.89210944465631]
[105.8593391697228, 105.75193308316615, 105.70675330392453, 104.89210944465631, 104.95565154425802]
[105.75193308316615, 105.70675330392453, 104.89210944465631, 104.95565154425802, 105.3379396376738]
[105.70675330392453, 104.89210944465631, 104.95565154425802, 105.3379396376738, 105.0726512220742]
[104.89210944465631, 104.95565154425802, 105.3379396376738, 105.0726512220742, 105.04634403627065]
[104.95565154425802, 105.3379396376738, 105.0726512220742, 105.04634403627065, 105.61444641112475]
[105.3379396376738, 105.0726512220742, 105.04634403627065, 105.61444641112475, 105.53159234542103]
[105.0726512220742, 105.04634403627065, 105.61444641112475, 105.53159234542103, 105.60410096118434]
[105.04634403627065, 105.61444641112475, 105.53159234542103, 105.60410096118434, 105.3204189681877]
[105.61444641112475, 105.53159234542103, 105.60410096118434, 105.3204189681877, 105.28732623390698]
[105.53159234542103, 105.60410096118434, 105.3204189681877, 105.28732623390698, 105.15927506013276]
[105.60410096118434, 105.3204189681877, 105.28732623390698, 105.15927506013276, 104.88263269158384]
[105.3204189681877, 105.28732623390698, 105.15927506013276, 104.88263269158384, 104.95211911317817]
[105.28732623390698, 105.15927506013276, 104.88263269158384, 104.95211911317817, 105.03844698932599]
[105.15927506013276, 104.88263269158384, 104.95211911317817, 105.03844698932599, 104.68238668183875]
[104.88263269158384, 104.95211911317817, 105.03844698932599, 104.68238668183875, 104.80137353012279]
[104.95211911317817, 105.03844698932599, 104.68238668183875, 104.80137353012279, 105.04343277764177]
[105.03844698932599, 104.68238668183875, 104.80137353012279, 105.04343277764177, 105.10977160456193]
[104.68238668183875, 104.80137353012279, 105.04343277764177, 105.10977160456193, 104.44778958326786]
[104.80137353012279, 105.04343277764177, 105.10977160456193, 104.44778958326786, 105.00825422868026]
[105.04343277764177, 105.10977160456193, 104.44778958326786, 105.00825422868026, 105.29696753184076]
[105.10977160456193, 104.44778958326786, 105.00825422868026, 105.29696753184076, 105.2526188120288]
[104.44778958326786, 105.00825422868026, 105.29696753184076, 105.2526188120288, 105.02713964735926]
[105.00825422868026, 105.29696753184076, 105.2526188120288, 105.02713964735926, 105.43943971415823]
[105.29696753184076, 105.2526188120288, 105.02713964735926, 105.43943971415823, 105.56832071344203]
