1000.00
998.87
995.08
999.49
1002.54
1004.09
1009.91
1013.70
1010.84
1017.36
1015.30
1012.75
1012.91
1016.44
1021.91
1026.87
1026.63
1027.03
1030.82
1030.18
1029.87
1028.54
1027.77
1033.44
1029.09
1027.19
1029.72
1032.08
1032.42
1039.01
1036.63
1040.49
1042.93
1045.59
1044.12
1044.23
1043.70
1041.66
1047.31
1045.68
1046.56
1046.43
1046.14
1047.35
1048.51
1047.38
1050.82
1054.38
1056.80
1054.71
1056.74
1059.10
1062.66
1060.39
1065.89
1068.27
1069.88
1067.16
1067.06
1065.70
1066.97
1069.89
1070.92
1072.44
1070.98
1074.20
1076.50
1079.63
1080.43
1082.96
1082.49
1083.24
1081.80
1085.69
1086.30
1083.96
1081.21
1077.33
1081.79
1089.67
1087.71
1085.47
1086.91
1080.58
1079.50
1075.24
1072.88
1075.52
1072.94
1070.86
1068.48
1068.73
1069.34
1067.38
1068.21
1065.48
1067.28
1075.88
1073.53
1069.51
1066.38
1062.65
1059.58
1054.02
1055.06
1052.98
1053.92
1053.60
1053.81
1052.25
1053.71
1055.80
1056.01
1057.16
1061.69
1065.74
1066.84
1065.31
1062.33
1058.10
1058.53
1060.63
1062.75
1065.48
1075.38
1079.73
1079.98
1082.66
1078.41
1076.52
1079.19
1076.18
1075.16
1080.62
1085.31
1085.29
1086.11
1088.58
1084.11
1084.86
1084.02
1082.61
1080.98
1081.61
1088.58
1092.50
1097.84
1099.34
1102.20
1100.99
1103.09
1103.88
1109.70
1110.03
1107.71
1110.03
1111.58
1108.26
1110.14
1111.36
1110.70
1108.37
1106.73
1107.34
1108.81
1114.79
1117.46
1118.91
1120.36
1119.13
1120.81
1120.36
1117.35
1119.02
1121.93
1131.19
1130.61
1133.68
1133.88
1145.66
1139.44
1147.04
1145.32
1148.07
1155.17
1153.56
1147.61
1150.59
1151.96
1152.76
1160.09
1160.21
1162.27
1167.42
1173.95
1172.00
1171.43
1169.94
1166.62
1169.03
1167.65
1169.48
1173.38
1174.52
1170.86
1172.58
1177.84
1176.24
1180.48
1192.62
1194.45
1199.37
1202.24
1207.99
1207.64
1206.37
1206.83
1204.99
1204.88
1208.34
1212.63
1217.78
1221.91
1218.49
1221.20
1220.96
1219.78
1221.67
1223.44
1227.70
1230.66
1232.55
1221.32
1217.89
1225.57
1236.10
1230.42
1223.80
1232.90
1232.67
1230.66
1230.18
1224.86
1230.07
1233.61
1231.96
1236.57
1239.53
1240.47
1239.29
1242.61
1244.99
1240.59
1250.38
1251.95
1249.30
1245.71
1241.07
1249.18
1250.26
1249.66
1248.58
1254.49
1257.04
1256.31
1266.47
1275.55
1275.30
1275.92
1279.56
1277.55
1284.44
1289.71
1288.08
1292.21
1288.83
1285.70
1291.46
1291.46
1286.95
1287.20
1289.96
1290.21
1300.98
1300.36
1303.24
1305.37
1313.08
1310.80
1311.81
1308.14
1306.50
1307.76
1310.17
1307.01
1309.79
1315.38
1318.06
1320.48
1325.59
1325.46
1327.50
1329.29
1331.33
1329.80
1331.21
1329.04
1332.61
1335.67
1335.16
1335.16
1335.93
1338.62
1345.45
1350.92
1354.06
1355.77
1360.89
1356.69
1364.30
1370.87
1368.77
1369.82
1367.72
1367.45
1367.19
1361.55
1369.29
1369.42
1369.03
1367.85
1368.37
1371.92
1371.52
1370.87
1370.08
1369.29
1369.55
1372.84
1374.81
1374.67
1378.09
1385.21
1378.35
1376.51
1379.27
1382.17
1387.07
1389.74
1394.70
1390.01
1397.53
1399.42
1400.10
1402.13
1402.27
1398.74
1400.91
1405.54
1408.55
1410.19
1411.02
1413.49
1414.86
1418.01
1417.74
1413.35
1414.03
1415.27
1416.37
1407.86
1404.85
1409.10
1412.66
1409.78
1409.51
1414.58
1416.91
1420.34
1423.09
1421.17
1425.01
1434.39
1439.55
1439.41
1441.10
1435.92
1435.79
1429.82
1428.03
1428.31
1436.62
1438.71
1434.12
1439.27
1437.60
1441.94
1445.46
1444.61
1446.59
1447.29
1452.80
1455.62
1452.80
1449.97
1451.81
1448.00
1456.61
1460.56
1469.87
1468.74
1473.40
1470.29
1472.69
1476.64
1475.80
1477.49
1488.74
1492.33
1487.88
1487.45
1499.28
1505.12
1497.39
1493.92
1491.61
1490.46
1496.23
1500.59
1501.18
1502.93
1496.96
1502.20
1505.42
1510.86
1517.24
1522.48
1525.18
1520.23
1517.54
1522.78
1526.08
1528.50
1525.18
1529.26
1538.03
1540.46
1549.84
1548.48
1553.32
1555.89
1552.56
1551.05
1548.63
1552.11
1553.93
1561.49
1564.67
1565.43
1563.46
1562.10
1564.97
1563.61
1565.13
1566.64
1569.06
1570.88
1565.29
1571.18
1577.12
1576.36
1578.96
1578.04
1580.80
1587.44
1580.19
1581.11
1582.96
1580.80
1582.80
1591.94
1598.64
1602.22
1602.38
1613.44
1611.73
1610.01
1612.66
1607.37
1605.81
1604.25
1613.29
1615.31
1614.53
1615.47
1612.66
1609.23
1616.56
1615.93
1618.74
1612.97
1608.77
1615.16
1619.67
1619.36
1618.89
1627.35
1622.96
1625.78
1619.99
1612.22
1610.22
1613.15
1614.54
1616.41
1622.17
1619.67
1619.36
1628.61
1631.45
1640.52
1637.49
1637.17
1639.25
1644.68
1648.83
1656.50
1653.62
1660.97
1665.92
1678.54
1674.55
1673.27
1673.59
1666.88
1668.96
1670.87
1671.67
1674.87
1670.23
1674.39
1672.95
1675.19
1669.12
1664.96
1673.75
1673.43
1672.79
1675.35
1678.70
1684.13
1685.73
1692.92
1693.56
1694.04
1699.47
1696.75
1692.12
1694.99
1696.59
1699.79
1701.38
1703.46
1705.71
1712.80
1707.64
1704.26
1713.45
1712.15
1699.79
1704.91
1706.03
1711.83
1713.61
1714.26
1727.66
1726.51
1720.28
1724.70
1725.03
1715.88
1717.18
1716.05
1720.61
1721.10
1723.23
1727.83
1726.67
1725.19
1731.13
1733.11
1737.08
1738.24
1727.32
1736.58