[97.20321999458233, 101.32852484157428, 96.83291006785272, 101.34440992930058, 105.16003648942123]
[101.32852484157428, 96.83291006785272, 101.34440992930058, 105.16003648942123, 103.99662015776266]
[96.83291006785272, 101.34440992930058, 105.16003648942123, 103.99662015776266, 106.7562668432703]
[101.34440992930058, 105.16003648942123, 103.99662015776266, 106.7562668432703, 108.16465174071539]
[105.16003648942123, 103.99662015776266, 106.7562668432703, 108.16465174071539, 101.21848643546835]
[103.99662015776266, 106.7562668432703, 108.16465174071539, 101.21848643546835, 106.11077440401247]
[106.7562668432703, 108.16465174071539, 101.21848643546835, 106.11077440401247, 107.24412544092598]
[108.16465174071539, 101.21848643546835, 106.11077440401247, 107.24412544092598, 106.88350479378222]
[101.21848643546835, 106.11077440401247, 107.24412544092598, 106.88350479378222, 110.39477508962986]
[106.11077440401247, 107.24412544092598, 106.88350479378222, 110.39477508962986, 110.64323709155467]
[107.24412544092598, 106.88350479378222, 110.39477508962986, 110.64323709155467, 108.55053181701243]
[106.88350479378222, 110.39477508962986, 110.64323709155467, 108.55053181701243, 109.47874951101709]
[110.39477508962986, 110.64323709155467, 108.55053181701243, 109.47874951101709, 106.37103315389543]
[110.64323709155467, 108.55053181701243, 109.47874951101709, 106.37103315389543, 106.13264088679836]
[108.55053181701243, 109.47874951101709, 106.37103315389543, 106.13264088679836, 105.3848697756833]
[109.47874951101709, 106.37103315389543, 106.13264088679836, 105.3848697756833, 101.00602562931346]
[106.37103315389543, 106.13264088679836, 105.3848697756833, 101.00602562931346, 104.35432041420586]
[106.13264088679836, 105.3848697756833, 101.00602562931346, 104.35432041420586, 103.23137022537914]
[105.3848697756833, 101.00602562931346, 104.35432041420586, 103.23137022537914, 106.53725734944172]
[101.00602562931346, 104.35432041420586, 103.23137022537914, 106.53725734944172, 103.42243458819706]
[104.35432041420586, 103.23137022537914, 106.53725734944172, 103.42243458819706, 103.15862855823693]
[103.23137022537914, 106.53725734944172, 103.42243458819706, 103.15862855823693, 107.72461091710687]
[106.53725734944172, 103.42243458819706, 103.15862855823693, 107.72461091710687, 108.88035632417467]
[103.42243458819706, 103.15862855823693, 107.72461091710687, 108.88035632417467, 108.88363388270055]
[103.15862855823693, 107.72461091710687, 108.88035632417467, 108.88363388270055, 110.72254617214335]
[107.72461091710687, 108.88035632417467, 108.88363388270055, 110.72254617214335, 111.96407184561053]
[108.88035632417467, 108.88363388270055, 110.72254617214335, 111.96407184561053, 116.35553690829659]
[108.88363388270055, 110.72254617214335, 111.96407184561053, 116.35553690829659, 116.50499882088933]
[110.72254617214335, 111.96407184561053, 116.35553690829659, 116.50499882088933, 117.33867287646353]
[111.96407184561053, 116.35553690829659, 116.50499882088933, 117.33867287646353, 114.37574229526838]
[116.35553690829659, 116.50499882088933, 117.33867287646353, 114.37574229526838, 111.83091900336342]
[116.50499882088933, 117.33867287646353, 114.37574229526838, 111.83091900336342, 115.27498345139514]
[117.33867287646353, 114.37574229526838, 111.83091900336342, 115.27498345139514, 115.45944831722669]
[114.37574229526838, 111.83091900336342, 115.27498345139514, 115.45944831722669, 118.61534239196537]
[111.83091900336342, 115.27498345139514, 115.45944831722669, 118.61534239196537, 118.57437517532891]
[115.27498345139514, 115.45944831722669, 118.61534239196537, 118.57437517532891, 114.75026236525196]
[115.45944831722669, 118.61534239196537, 118.57437517532891, 114.75026236525196, 114.45992009496165]
[118.61534239196537, 118.57437517532891, 114.75026236525196, 114.45992009496165, 116.0765276530435]
[118.57437517532891, 114.75026236525196, 114.45992009496165, 116.0765276530435, 116.99807772446121]
[114.75026236525196, 114.45992009496165, 116.0765276530435, 116.99807772446121, 115.50069515135172]
[114.45992009496165, 116.0765276530435, 116.99807772446121, 115.50069515135172, 111.5805165831307]
[116.0765276530435, 116.99807772446121, 115.50069515135172, 111.5805165831307, 110.62010978261162]
[116.99807772446121, 115.50069515135172, 111.5805165831307, 110.62010978261162, 107.78221215481629]
[115.50069515135172, 111.5805165831307, 110.62010978261162, 107.78221215481629, 113.08067541024496]
[111.5805165831307, 110.62010978261162, 107.78221215481629, 113.08067541024496, 112.30891966048077]
[110.62010978261162, 107.78221215481629, 113.08067541024496, 112.30891966048077, 110.40702121950552]
[107.78221215481629, 113.08067541024496, 112.30891966048077, 110.40702121950552, 112.2230214350047]
[113.08067541024496, 112.30891966048077, 110.40702121950552, 112.2230214350047, 110.14083018841166]
[112.30891966048077, 110.40702121950552, 112.2230214350047, 110.14083018841166, 114.17019953813444]
[110.40702121950552, 112.2230214350047, 110.14083018841166, 114.17019953813444, 110.92313585947161]
[112.2230214350047, 110.14083018841166, 114.17019953813444, 110.92313585947161, 110.26455962544398]
[110.14083018841166, 114.17019953813444, 110.92313585947161, 110.26455962544398, 108.1635633543557]
[114.17019953813444, 110.92313585947161, 110.26455962544398, 108.1635633543557, 109.95502986626998]
[110.92313585947161, 110.26455962544398, 108.1635633543557, 109.95502986626998, 108.0717739122247]
[110.26455962544398, 108.1635633543557, 109.95502986626998, 108.0717739122247, 112.53790666211555]
[108.1635633543557, 109.95502986626998, 108.0717739122247, 112.53790666211555, 114.42088186394923]
[109.95502986626998, 108.0717739122247, 112.53790666211555, 114.42088186394923, 115.48376955768995]
[108.0717739122247, 112.53790666211555, 114.42088186394923, 115.48376955768995, 113.91421555434344]
[112.53790666211555, 114.42088186394923, 115.48376955768995, 113.91421555434344, 110.70018582346363]
[114.42088186394923, 115.48376955768995, 113.91421555434344, 110.70018582346363, 112.69498431245877]
[115.48376955768995, 113.91421555434344, 110.70018582346363, 112.69498431245877, 107.87534021401599]
[113.91421555434344, 110.70018582346363, 112.69498431245877, 107.87534021401599, 110.61716262399975]
[110.70018582346363, 112.69498431245877, 107.87534021401599, 110.61716262399975, 108.92341858279039]
[112.69498431245877, 107.87534021401599, 110.61716262399975, 108.92341858279039, 106.96232041016438]
[107.87534021401599, 110.61716262399975, 108.92341858279039, 106.96232041016438, 108.62396129320648]
[110.61716262399975, 108.92341858279039, 106.96232041016438, 108.62396129320648, 109.81088480304189]
[108.92341858279039, 106.96232041016438, 108.62396129320648, 109.81088480304189, 111.22317651191237]
[106.96232041016438, 108.62396129320648, 109.81088480304189, 111.22317651191237, 109.60654855276235]
[108.62396129320648, 109.81088480304189, 111.22317651191237, 109.60654855276235, 112.47590930503736]
[109.81088480304189, 111.22317651191237, 109.60654855276235, 112.47590930503736, 111.74542669389089]
[111.22317651191237, 109.60654855276235, 112.47590930503736, 111.74542669389089, 110.82521170308183]
[109.60654855276235, 112.47590930503736, 111.74542669389089, 110.82521170308183, 115.10988005477513]
[112.47590930503736, 111.74542669389089, 110.82521170308183, 115.10988005477513, 113.25241083687224]
[111.74542669389089, 110.82521170308183, 115.10988005477513, 113.25241083687224, 110.9675555125409]
[110.82521170308183, 115.10988005477513, 113.25241083687224, 110.9675555125409, 111.6602129037003]
[115.10988005477513, 113.25241083687224, 110.9675555125409, 111.6602129037003, 118.8084289613108]
[113.25241083687224, 110.9675555125409, 111.6602129037003, 118.8084289613108, 120.33506686139201]
[110.9675555125409, 111.6602129037003, 118.8084289613108, 120.33506686139201, 118.61773112678691]
[111.6602129037003, 118.8084289613108, 120.33506686139201, 118.61773112678691, 118.21192690645236]
[118.8084289613108, 120.33506686139201, 118.61773112678691, 118.21192690645236, 115.39863139624283]
[120.33506686139201, 118.61773112678691, 118.21192690645236, 115.39863139624283, 118.27105024955588]
[118.61773112678691, 118.21192690645236, 115.39863139624283, 118.27105024955588, 119.53135094029625]
[118.21192690645236, 115.39863139624283, 118.27105024955588, 119.53135094029625, 116.2124607426066]
[115.39863139624283, 118.27105024955588, 119.53135094029625, 116.2124607426066, 115.58998500261102]
[118.27105024955588, 119.53135094029625, 116.2124607426066, 115.58998500261102, 116.3882372521524]
[119.53135094029625, 116.2124607426066, 115.58998500261102, 116.3882372521524, 120.21897346013245]
[116.2124607426066, 115.58998500261102, 116.3882372521524, 120.21897346013245, 122.45247325469398]
[115.58998500261102, 116.3882372521524, 120.21897346013245, 122.45247325469398, 122.42190199863326]
[116.3882372521524, 120.21897346013245, 122.45247325469398, 122.42190199863326, 125.29113575454119]
[120.21897346013245, 122.45247325469398, 122.42190199863326, 125.29113575454119, 126.9287259951873]
[122.45247325469398, 122.42190199863326, 125.29113575454119, 126.9287259951873, 126.7549103627992]
[122.42190199863326, 125.29113575454119, 126.9287259951873, 126.7549103627992, 128.10355921052118]
[125.29113575454119, 126.9287259951873, 126.7549103627992, 128.10355921052118, 131.72257590181363]
[126.9287259951873, 126.7549103627992, 128.10355921052118, 131.72257590181363, 134.8071444488604]
[126.7549103627992, 128.10355921052118, 131.72257590181363, 134.8071444488604, 136.02956693135673]
[128.10355921052118, 131.72257590181363, 134.8071444488604, 136.02956693135673, 132.56466288917474]
[131.72257590181363, 134.8071444488604, 136.02956693135673, 132.56466288917474, 129.66392069727104]
[134.8071444488604, 136.02956693135673, 132.56466288917474, 129.66392069727104, 129.5120969506771]
[136.02956693135673, 132.56466288917474, 129.66392069727104, 129.5120969506771, 131.98834178395617]
[132.56466288917474, 129.66392069727104, 129.5120969506771, 131.98834178395617, 125.76035807398891]
[129.66392069727104, 129.5120969506771, 131.98834178395617, 125.76035807398891, 124.47932152603006]
[129.5120969506771, 131.98834178395617, 125.76035807398891, 124.47932152603006, 123.65192252081827]
[131.98834178395617, 125.76035807398891, 124.47932152603006, 123.65192252081827, 121.20488691173092]
[125.76035807398891, 124.47932152603006, 123.65192252081827, 121.20488691173092, 123.46602988702224]
[124.47932152603006, 123.65192252081827, 121.20488691173092, 123.46602988702224, 119.65615583410273]
[123.65192252081827, 121.20488691173092, 123.46602988702224, 119.65615583410273, 123.61590511509874]
[121.20488691173092, 123.46602988702224, 119.65615583410273, 123.61590511509874, 120.68671221644239]
[123.46602988702224, 119.65615583410273, 123.61590511509874, 120.68671221644239, 120.15784358949325]
[119.65615583410273, 123.61590511509874, 120.68671221644239, 120.15784358949325, 120.33252694391265]
[123.61590511509874, 120.68671221644239, 120.15784358949325, 120.33252694391265, 121.46666647518148]
[120.68671221644239, 120.15784358949325, 120.33252694391265, 121.46666647518148, 119.31220950519949]
[120.15784358949325, 120.33252694391265, 121.46666647518148, 119.31220950519949, 125.30498923522431]
[120.33252694391265, 121.46666647518148, 119.31220950519949, 125.30498923522431, 122.43305600074362]
[121.46666647518148, 119.31220950519949, 125.30498923522431, 122.43305600074362, 123.4124016156329]
[119.31220950519949, 125.30498923522431, 122.43305600074362, 123.4124016156329, 121.59479888272779]
[125.30498923522431, 122.43305600074362, 123.4124016156329, 121.59479888272779, 126.05727687753696]
[122.43305600074362, 123.4124016156329, 121.59479888272779, 126.05727687753696, 125.80845076876784]
[123.4124016156329, 121.59479888272779, 126.05727687753696, 125.80845076876784, 128.02065858060922]
[121.59479888272779, 126.05727687753696, 125.80845076876784, 128.02065858060922, 127.38276638380079]
[126.05727687753696, 125.80845076876784, 128.02065858060922, 127.38276638380079, 129.52045653756673]
[125.80845076876784, 128.02065858060922, 127.38276638380079, 129.52045653756673, 128.89620249703194]
[128.02065858060922, 127.38276638380079, 129.52045653756673, 128.89620249703194, 131.94149698278292]
[127.38276638380079, 129.52045653756673, 128.89620249703194, 131.94149698278292, 130.56431741919724]
[129.52045653756673, 128.89620249703194, 131.94149698278292, 130.56431741919724, 133.72966726621414]
[128.89620249703194, 131.94149698278292, 130.56431741919724, 133.72966726621414, 130.92589726218972]
[131.94149698278292, 130.56431741919724, 133.72966726621414, 130.92589726218972, 130.07759850180724]
[130.56431741919724, 133.72966726621414, 130.92589726218972, 130.07759850180724, 129.2971992824158]
[133.72966726621414, 130.92589726218972, 130.07759850180724, 129.2971992824158, 127.80276830936403]
[130.92589726218972, 130.07759850180724, 129.2971992824158, 127.80276830936403, 128.99897873826603]
[130.07759850180724, 129.2971992824158, 127.80276830936403, 128.99897873826603, 127.69171459906852]
[129.2971992824158, 127.80276830936403, 128.99897873826603, 127.69171459906852, 122.89153932703276]
[127.80276830936403, 128.99897873826603, 127.69171459906852, 122.89153932703276, 123.81927864416751]
[128.99897873826603, 127.69171459906852, 122.89153932703276, 123.81927864416751, 124.37457844050452]
[127.69171459906852, 122.89153932703276, 123.81927864416751, 124.37457844050452, 125.60307638275036]
[122.89153932703276, 123.81927864416751, 124.37457844050452, 125.60307638275036, 122.33810424981604]
[123.81927864416751, 124.37457844050452, 125.60307638275036, 122.33810424981604, 122.2754915818293]
[124.37457844050452, 125.60307638275036, 122.33810424981604, 122.2754915818293, 122.92072164395059]
[125.60307638275036, 122.33810424981604, 122.2754915818293, 122.92072164395059, 124.79483488119097]
[122.33810424981604, 122.2754915818293, 122.92072164395059, 124.79483488119097, 128.51013280893648]
[122.2754915818293, 122.92072164395059, 124.79483488119097, 128.51013280893648, 133.12827415721193]
[122.92072164395059, 124.79483488119097, 128.51013280893648, 133.12827415721193, 133.36999169168345]
[124.79483488119097, 128.51013280893648, 133.12827415721193, 133.36999169168345, 130.41637640918077]
[128.51013280893648, 133.12827415721193, 133.36999169168345, 130.41637640918077, 128.08611884047664]
[133.12827415721193, 133.36999169168345, 130.41637640918077, 128.08611884047664, 132.2109143198405]
[133.36999169168345, 130.41637640918077, 128.08611884047664, 132.2109143198405, 132.70780592270538]
[130.41637640918077, 128.08611884047664, 132.2109143198405, 132.70780592270538, 135.89057719873375]
[128.08611884047664, 132.2109143198405, 132.70780592270538, 135.89057719873375, 137.28688278947848]
[132.2109143198405, 132.70780592270538, 135.89057719873375, 137.28688278947848, 137.47327882510697]
[132.70780592270538, 135.89057719873375, 137.28688278947848, 137.47327882510697, 134.460711201797]
[135.89057719873375, 137.28688278947848, 137.47327882510697, 134.460711201797, 136.53050021798933]
[137.28688278947848, 137.47327882510697, 134.460711201797, 136.53050021798933, 136.3941097887645]
[137.47327882510697, 134.460711201797, 136.53050021798933, 136.3941097887645, 134.06328700493597]
[134.460711201797, 136.53050021798933, 136.3941097887645, 134.06328700493597, 129.57018852936292]
[136.53050021798933, 136.3941097887645, 134.06328700493597, 129.57018852936292, 132.77122735917013]
[136.3941097887645, 134.06328700493597, 129.57018852936292, 132.77122735917013, 134.89471877868462]
[134.06328700493597, 129.57018852936292, 132.77122735917013, 134.89471877868462, 135.38806745079575]
[129.57018852936292, 132.77122735917013, 134.89471877868462, 135.38806745079575, 135.4079568360216]
[132.77122735917013, 134.89471877868462, 135.38806745079575, 135.4079568360216, 140.24746754270458]
[134.89471877868462, 135.38806745079575, 135.4079568360216, 140.24746754270458, 142.92279559696433]
[135.38806745079575, 135.4079568360216, 140.24746754270458, 142.92279559696433, 143.46807723945048]
[135.4079568360216, 140.24746754270458, 142.92279559696433, 143.46807723945048, 139.60680037399564]
[140.24746754270458, 142.92279559696433, 143.46807723945048, 139.60680037399564, 144.0984256893042]
[142.92279559696433, 143.46807723945048, 139.60680037399564, 144.0984256893042, 141.58645195961233]
[143.46807723945048, 139.60680037399564, 144.0984256893042, 141.58645195961233, 136.6196521819164]
[139.60680037399564, 144.0984256893042, 141.58645195961233, 136.6196521819164, 137.41188656837926]
[144.0984256893042, 141.58645195961233, 136.6196521819164, 137.41188656837926, 138.10998104541176]
[141.58645195961233, 136.6196521819164, 137.41188656837926, 138.10998104541176, 142.95898837393113]
[136.6196521819164, 137.41188656837926, 138.10998104541176, 142.95898837393113, 138.14211682625205]
[137.41188656837926, 138.10998104541176, 142.95898837393113, 138.14211682625205, 141.66474447900006]
[138.10998104541176, 142.95898837393113, 138.14211682625205, 141.66474447900006, 137.19711345694665]
[142.95898837393113, 138.14211682625205, 141.66474447900006, 137.19711345694665, 137.70358809764795]
[138.14211682625205, 141.66474447900006, 137.19711345694665, 137.70358809764795, 137.87416585334415]
[141.66474447900006, 137.19711345694665, 137.70358809764795, 137.87416585334415, 134.24771936373216]
[137.19711345694665, 137.70358809764795, 137.87416585334415, 134.24771936373216, 136.20212555809385]
[137.70358809764795, 137.87416585334415, 134.24771936373216, 136.20212555809385, 138.62004411708094]
[137.87416585334415, 134.24771936373216, 136.20212555809385, 138.62004411708094, 140.08558428470064]
[134.24771936373216, 136.20212555809385, 138.62004411708094, 140.08558428470064, 136.90184983392106]
[136.20212555809385, 138.62004411708094, 140.08558428470064, 136.90184983392106, 141.10427961506164]
[138.62004411708094, 140.08558428470064, 136.90184983392106, 141.10427961506164, 138.1912402552496]
[140.08558428470064, 136.90184983392106, 141.10427961506164, 138.1912402552496, 133.36257263406208]
[136.90184983392106, 141.10427961506164, 138.1912402552496, 133.36257263406208, 136.51195188772763]
[141.10427961506164, 138.1912402552496, 133.36257263406208, 136.51195188772763, 141.4734252801062]
[138.1912402552496, 133.36257263406208, 136.51195188772763, 141.4734252801062, 145.76238713179805]
[133.36257263406208, 136.51195188772763, 141.4734252801062, 145.76238713179805, 143.25846904044255]
[136.51195188772763, 141.4734252801062, 145.76238713179805, 143.25846904044255, 143.33923069852554]
[141.4734252801062, 145.76238713179805, 143.25846904044255, 143.33923069852554, 148.51323409655788]
[145.76238713179805, 143.25846904044255, 143.33923069852554, 148.51323409655788, 148.49276651396934]
[143.25846904044255, 143.33923069852554, 148.51323409655788, 148.49276651396934, 147.96701038842815]
[143.33923069852554, 148.51323409655788, 148.49276651396934, 147.96701038842815, 148.46598180386758]
[148.51323409655788, 148.49276651396934, 147.96701038842815, 148.46598180386758, 147.07999755770123]
[148.49276651396934, 147.96701038842815, 148.46598180386758, 147.07999755770123, 143.62532750426124]
[147.96701038842815, 148.46598180386758, 147.07999755770123, 143.62532750426124, 143.46845145708994]
[148.46598180386758, 147.07999755770123, 143.62532750426124, 143.46845145708994, 144.13140632104543]
[147.07999755770123, 143.62532750426124, 143.46845145708994, 144.13140632104543, 140.4568433027396]
[143.62532750426124, 143.46845145708994, 144.13140632104543, 140.4568433027396, 144.25058172008335]
[143.46845145708994, 144.13140632104543, 140.4568433027396, 144.25058172008335, 144.2955848838076]
[144.13140632104543, 140.4568433027396, 144.25058172008335, 144.2955848838076, 143.2271782999857]
[140.4568433027396, 144.25058172008335, 144.2955848838076, 143.2271782999857, 142.67060238407493]
[144.25058172008335, 144.2955848838076, 143.2271782999857, 142.67060238407493, 140.68118523734017]
[144.2955848838076, 143.2271782999857, 142.67060238407493, 140.68118523734017, 140.87082231779794]
[143.2271782999857, 142.67060238407493, 140.68118523734017, 140.87082231779794, 139.52889874231136]
[142.67060238407493, 140.68118523734017, 140.87082231779794, 139.52889874231136, 145.07524100695193]
[140.68118523734017, 140.87082231779794, 139.52889874231136, 145.07524100695193, 145.24134884985145]
[140.87082231779794, 139.52889874231136, 145.07524100695193, 145.24134884985145, 151.46768032988203]
[139.52889874231136, 145.07524100695193, 145.24134884985145, 151.46768032988203, 154.4401399114906]
[145.07524100695193, 145.24134884985145, 151.46768032988203, 154.4401399114906, 155.91356000568445]
[145.24134884985145, 151.46768032988203, 154.4401399114906, 155.91356000568445, 156.61973594963445]
[151.46768032988203, 154.4401399114906, 155.91356000568445, 156.61973594963445, 158.09481455662038]
[154.4401399114906, 155.91356000568445, 156.61973594963445, 158.09481455662038, 150.59136617597161]
[155.91356000568445, 156.61973594963445, 158.09481455662038, 150.59136617597161, 151.18260951208254]
[156.61973594963445, 158.09481455662038, 150.59136617597161, 151.18260951208254, 155.8892329229115]
[158.09481455662038, 150.59136617597161, 151.18260951208254, 155.8892329229115, 158.31895705210033]
[150.59136617597161, 151.18260951208254, 155.8892329229115, 158.31895705210033, 158.97674126260873]
[151.18260951208254, 155.8892329229115, 158.31895705210033, 158.97674126260873, 156.26373156031886]
[155.8892329229115, 158.31895705210033, 158.97674126260873, 156.26373156031886, 156.25240349840706]
[158.31895705210033, 158.97674126260873, 156.26373156031886, 156.25240349840706, 152.57487817690026]
[158.97674126260873, 156.26373156031886, 156.25240349840706, 152.57487817690026, 147.757019679128]
[156.26373156031886, 156.25240349840706, 152.57487817690026, 147.757019679128, 150.47611818609144]
[156.25240349840706, 152.57487817690026, 147.757019679128, 150.47611818609144, 148.1338173509549]
[152.57487817690026, 147.757019679128, 150.47611818609144, 148.1338173509549, 147.5851267217623]
[147.757019679128, 150.47611818609144, 148.1338173509549, 147.5851267217623, 150.8855158610046]
[150.47611818609144, 148.1338173509549, 147.5851267217623, 150.8855158610046, 150.92900835062633]
[148.1338173509549, 147.5851267217623, 150.8855158610046, 150.92900835062633, 149.6331679356977]
[147.5851267217623, 150.8855158610046, 150.92900835062633, 149.6331679356977, 151.81044011152437]
[150.8855158610046, 150.92900835062633, 149.6331679356977, 151.81044011152437, 153.84187408005607]
[150.92900835062633, 149.6331679356977, 151.81044011152437, 153.84187408005607, 153.9741165194998]
[149.6331679356977, 151.81044011152437, 153.84187408005607, 153.9741165194998, 156.70245916488395]
[151.81044011152437, 153.84187408005607, 153.9741165194998, 156.70245916488395, 154.93127647443103]
[153.84187408005607, 153.9741165194998, 156.70245916488395, 154.93127647443103, 154.5377555726047]
[153.9741165194998, 156.70245916488395, 154.93127647443103, 154.5377555726047, 148.39482189792434]
[156.70245916488395, 154.93127647443103, 154.5377555726047, 148.39482189792434, 148.37091576303365]
[154.93127647443103, 154.5377555726047, 148.39482189792434, 148.37091576303365, 145.58847087224132]
[154.5377555726047, 148.39482189792434, 148.37091576303365, 145.58847087224132, 140.7730666276643]
[148.39482189792434, 148.37091576303365, 145.58847087224132, 140.7730666276643, 141.59375310495244]
[148.37091576303365, 145.58847087224132, 140.7730666276643, 141.59375310495244, 140.25381029551758]
[145.58847087224132, 140.7730666276643, 141.59375310495244, 140.25381029551758, 139.2632435794603]
[140.7730666276643, 141.59375310495244, 140.25381029551758, 139.2632435794603, 136.3850972174988]
[141.59375310495244, 140.25381029551758, 139.2632435794603, 136.3850972174988, 134.70240898459934]
[140.25381029551758, 139.2632435794603, 136.3850972174988, 134.70240898459934, 134.16480485294719]
[139.2632435794603, 136.3850972174988, 134.70240898459934, 134.16480485294719, 131.82802045468935]
[136.3850972174988, 134.70240898459934, 134.16480485294719, 131.82802045468935, 125.89130753136757]
[134.70240898459934, 134.16480485294719, 131.82802045468935, 125.89130753136757, 127.40812288145557]
[134.16480485294719, 131.82802045468935, 125.89130753136757, 127.40812288145557, 124.37973214305624]
[131.82802045468935, 125.89130753136757, 127.40812288145557, 124.37973214305624, 127.6063178738211]
[125.89130753136757, 127.40812288145557, 124.37973214305624, 127.6063178738211, 127.24302650288492]
[127.40812288145557, 124.37973214305624, 127.6063178738211, 127.24302650288492, 128.84401433585015]
[124.37973214305624, 127.6063178738211, 127.24302650288492, 128.84401433585015, 127.14838528266564]
[127.6063178738211, 127.24302650288492, 128.84401433585015, 127.14838528266564, 120.03209123343963]
[127.24302650288492, 128.84401433585015, 127.14838528266564, 120.03209123343963, 118.94454347376954]
[128.84401433585015, 127.14838528266564, 120.03209123343963, 118.94454347376954, 119.94574893906037]
[127.14838528266564, 120.03209123343963, 118.94454347376954, 119.94574893906037, 123.08857361953272]
[120.03209123343963, 118.94454347376954, 119.94574893906037, 123.08857361953272, 124.99785223836182]
[118.94454347376954, 119.94574893906037, 123.08857361953272, 124.99785223836182, 128.13034291310643]
[119.94574893906037, 123.08857361953272, 124.99785223836182, 128.13034291310643, 125.15930496731045]
[123.08857361953272, 124.99785223836182, 128.13034291310643, 125.15930496731045, 120.9215541915913]
[124.99785223836182, 128.13034291310643, 125.15930496731045, 120.9215541915913, 117.17181317566171]
[128.13034291310643, 125.15930496731045, 120.9215541915913, 117.17181317566171, 112.30470842619869]
[125.15930496731045, 120.9215541915913, 117.17181317566171, 112.30470842619869, 106.94662438936017]
[120.9215541915913, 117.17181317566171, 112.30470842619869, 106.94662438936017, 105.79427014040706]
[117.17181317566171, 112.30470842619869, 106.94662438936017, 105.79427014040706, 107.21341020830529]
[112.30470842619869, 106.94662438936017, 105.79427014040706, 107.21341020830529, 107.39579329594257]
[106.94662438936017, 105.79427014040706, 107.21341020830529, 107.39579329594257, 110.73359255992825]
[105.79427014040706, 107.21341020830529, 107.39579329594257, 110.73359255992825, 110.39758921020315]
[107.21341020830529, 107.39579329594257, 110.73359255992825, 110.39758921020315, 116.53242768372519]
[107.39579329594257, 110.73359255992825, 110.39758921020315, 116.53242768372519, 114.77440338476]
[110.73359255992825, 110.39758921020315, 116.53242768372519, 114.77440338476, 117.91924697412298]
[110.39758921020315, 116.53242768372519, 114.77440338476, 117.91924697412298, 114.94259123034676]
[116.53242768372519, 114.77440338476, 117.91924697412298, 114.94259123034676, 114.22424332204413]
[114.77440338476, 117.91924697412298, 114.94259123034676, 114.22424332204413, 113.95823364072716]
[117.91924697412298, 114.94259123034676, 114.22424332204413, 113.95823364072716, 116.32519476294792]
[114.94259123034676, 114.22424332204413, 113.95823364072716, 116.32519476294792, 113.38220425118381]
[114.22424332204413, 113.95823364072716, 116.32519476294792, 113.38220425118381, 117.11076179784925]
[113.95823364072716, 116.32519476294792, 113.38220425118381, 117.11076179784925, 121.71091080738563]
[116.32519476294792, 113.38220425118381, 117.11076179784925, 121.71091080738563, 120.26930463706123]
[113.38220425118381, 117.11076179784925, 121.71091080738563, 120.26930463706123, 113.15812084543835]
[117.11076179784925, 121.71091080738563, 120.26930463706123, 113.15812084543835, 113.23198629770135]
[121.71091080738563, 120.26930463706123, 113.15812084543835, 113.23198629770135, 113.48025275032344]
[120.26930463706123, 113.15812084543835, 113.23198629770135, 113.48025275032344, 113.75788363512824]
[113.15812084543835, 113.23198629770135, 113.48025275032344, 113.75788363512824, 114.87901636003723]
[113.23198629770135, 113.48025275032344, 113.75788363512824, 114.87901636003723, 115.58823544661664]
[113.48025275032344, 113.75788363512824, 114.87901636003723, 115.58823544661664, 117.27329996764935]
[113.75788363512824, 114.87901636003723, 115.58823544661664, 117.27329996764935, 116.9424148388599]
[114.87901636003723, 115.58823544661664, 117.27329996764935, 116.9424148388599, 116.42597997791644]
[115.58823544661664, 117.27329996764935, 116.9424148388599, 116.42597997791644, 113.30582622645181]
[117.27329996764935, 116.9424148388599, 116.42597997791644, 113.30582622645181, 109.1643145859156]
[116.9424148388599, 116.42597997791644, 113.30582622645181, 109.1643145859156, 108.59581964856872]
[116.42597997791644, 113.30582622645181, 109.1643145859156, 108.59581964856872, 110.57997407557653]
[113.30582622645181, 109.1643145859156, 108.59581964856872, 110.57997407557653, 116.19650385858372]
[109.1643145859156, 108.59581964856872, 110.57997407557653, 116.19650385858372, 118.18955747864102]
[108.59581964856872, 110.57997407557653, 116.19650385858372, 118.18955747864102, 118.96453416757912]
[110.57997407557653, 116.19650385858372, 118.18955747864102, 118.96453416757912, 113.90112419237151]
[116.19650385858372, 118.18955747864102, 118.96453416757912, 113.90112419237151, 109.94183677626336]
[118.18955747864102, 118.96453416757912, 113.90112419237151, 109.94183677626336, 110.4490350015405]
[118.96453416757912, 113.90112419237151, 109.94183677626336, 110.4490350015405, 108.92337190554227]
[113.90112419237151, 109.94183677626336, 110.4490350015405, 108.92337190554227, 107.6889740437494]
[109.94183677626336, 110.4490350015405, 108.92337190554227, 107.6889740437494, 107.01718982752277]
[110.4490350015405, 108.92337190554227, 107.6889740437494, 107.01718982752277, 110.38355601906359]
[108.92337190554227, 107.6889740437494, 107.01718982752277, 110.38355601906359, 110.85355826907744]
[107.6889740437494, 107.01718982752277, 110.38355601906359, 110.85355826907744, 116.434350939493]
[107.01718982752277, 110.38355601906359, 110.85355826907744, 116.434350939493, 110.62624961259269]
[110.38355601906359, 110.85355826907744, 116.434350939493, 110.62624961259269, 116.40182310033909]
[110.85355826907744, 116.434350939493, 110.62624961259269, 116.40182310033909, 117.06346834327663]
[116.434350939493, 110.62624961259269, 116.40182310033909, 117.06346834327663, 117.18559058130786]
[110.62624961259269, 116.40182310033909, 117.06346834327663, 117.18559058130786, 118.53639509453957]
[116.40182310033909, 117.06346834327663, 117.18559058130786, 118.53639509453957, 115.43137164296773]
[117.06346834327663, 117.18559058130786, 118.53639509453957, 115.43137164296773, 119.01543906679923]
[117.18559058130786, 118.53639509453957, 115.43137164296773, 119.01543906679923, 120.02897687624923]
[118.53639509453957, 115.43137164296773, 119.01543906679923, 120.02897687624923, 118.2165957817126]
[115.43137164296773, 119.01543906679923, 120.02897687624923, 118.2165957817126, 118.47807197083846]
[119.01543906679923, 120.02897687624923, 118.2165957817126, 118.47807197083846, 112.3547746045265]
[120.02897687624923, 118.2165957817126, 118.47807197083846, 112.3547746045265, 112.0391506712429]
[118.2165957817126, 118.47807197083846, 112.3547746045265, 112.0391506712429, 105.99792978707917]
[118.47807197083846, 112.3547746045265, 112.0391506712429, 105.99792978707917, 102.73161839511704]
[112.3547746045265, 112.0391506712429, 105.99792978707917, 102.73161839511704, 107.10378755430133]
[112.0391506712429, 105.99792978707917, 102.73161839511704, 107.10378755430133, 105.86371258374558]
[105.99792978707917, 102.73161839511704, 107.10378755430133, 105.86371258374558, 105.13055662057546]
[102.73161839511704, 107.10378755430133, 105.86371258374558, 105.13055662057546, 102.75124100223378]
[107.10378755430133, 105.86371258374558, 105.13055662057546, 102.75124100223378, 102.92884334873919]
[105.86371258374558, 105.13055662057546, 102.75124100223378, 102.92884334873919, 99.5528196566643]
[105.13055662057546, 102.75124100223378, 102.92884334873919, 99.5528196566643, 99.41968730466259]
[102.75124100223378, 102.92884334873919, 99.5528196566643, 99.41968730466259, 103.06959000329415]
[102.92884334873919, 99.5528196566643, 99.41968730466259, 103.06959000329415, 104.12052914844817]
[99.5528196566643, 99.41968730466259, 103.06959000329415, 104.12052914844817, 100.61860930653545]
[99.41968730466259, 103.06959000329415, 104.12052914844817, 100.61860930653545, 94.48357947870647]
[103.06959000329415, 104.12052914844817, 100.61860930653545, 94.48357947870647, 95.69158878998203]
[104.12052914844817, 100.61860930653545, 94.48357947870647, 95.69158878998203, 100.75230452786809]
[100.61860930653545, 94.48357947870647, 95.69158878998203, 100.75230452786809, 101.4446030120065]
[94.48357947870647, 95.69158878998203, 100.75230452786809, 101.4446030120065, 102.58166087218645]
[95.69158878998203, 100.75230452786809, 101.4446030120065, 102.58166087218645, 104.06080489278271]
[100.75230452786809, 101.4446030120065, 102.58166087218645, 104.06080489278271, 103.25118378286305]
[101.4446030120065, 102.58166087218645, 104.06080489278271, 103.25118378286305, 102.72820223324966]
[102.58166087218645, 104.06080489278271, 103.25118378286305, 102.72820223324966, 111.55473939521778]
[104.06080489278271, 103.25118378286305, 102.72820223324966, 111.55473939521778, 113.6642390460469]
[103.25118378286305, 102.72820223324966, 111.55473939521778, 113.6642390460469, 115.07439487476594]
[102.72820223324966, 111.55473939521778, 113.6642390460469, 115.07439487476594, 117.72703621509395]
[111.55473939521778, 113.6642390460469, 115.07439487476594, 117.72703621509395, 114.48658154780031]
[113.6642390460469, 115.07439487476594, 117.72703621509395, 114.48658154780031, 114.11238227220969]
[115.07439487476594, 117.72703621509395, 114.48658154780031, 114.11238227220969, 114.92583011142995]
[117.72703621509395, 114.48658154780031, 114.11238227220969, 114.92583011142995, 115.56966470122322]
[114.48658154780031, 114.11238227220969, 114.92583011142995, 115.56966470122322, 115.22886192284203]
[114.11238227220969, 114.92583011142995, 115.56966470122322, 115.22886192284203, 117.54444601105172]
[114.92583011142995, 115.56966470122322, 115.22886192284203, 117.54444601105172, 113.3509719805979]
[115.56966470122322, 115.22886192284203, 117.54444601105172, 113.3509719805979, 114.1948027160079]
[115.22886192284203, 117.54444601105172, 113.3509719805979, 114.1948027160079, 112.25180923769366]
[117.54444601105172, 113.3509719805979, 114.1948027160079, 112.25180923769366, 114.59954082075313]
[113.3509719805979, 114.1948027160079, 112.25180923769366, 114.59954082075313, 120.00079519863625]
[114.1948027160079, 112.25180923769366, 114.59954082075313, 120.00079519863625, 125.19506710543958]
[112.25180923769366, 114.59954082075313, 120.00079519863625, 125.19506710543958, 123.54800870957683]
[114.59954082075313, 120.00079519863625, 125.19506710543958, 123.54800870957683, 118.11468836336505]
[120.00079519863625, 125.19506710543958, 123.54800870957683, 118.11468836336505, 116.39597240984168]
[125.19506710543958, 123.54800870957683, 118.11468836336505, 116.39597240984168, 113.58937973863645]
[123.54800870957683, 118.11468836336505, 116.39597240984168, 113.58937973863645, 118.02454560358538]
[118.11468836336505, 116.39597240984168, 113.58937973863645, 118.02454560358538, 120.97206025100397]
[116.39597240984168, 113.58937973863645, 118.02454560358538, 120.97206025100397, 122.41915068919485]
[113.58937973863645, 118.02454560358538, 120.97206025100397, 122.41915068919485, 126.896596072187]
[118.02454560358538, 120.97206025100397, 122.41915068919485, 126.896596072187, 133.1508788980929]
[120.97206025100397, 122.41915068919485, 126.896596072187, 133.1508788980929, 136.7395094111186]
[122.41915068919485, 126.896596072187, 133.1508788980929, 136.7395094111186, 141.63184858150686]
[126.896596072187, 133.1508788980929, 136.7395094111186, 141.63184858150686, 139.45662444013195]
[133.1508788980929, 136.7395094111186, 141.63184858150686, 139.45662444013195, 138.0698014405623]
[136.7395094111186, 141.63184858150686, 139.45662444013195, 138.0698014405623, 138.16919947487762]
[141.63184858150686, 139.45662444013195, 138.0698014405623, 138.16919947487762, 143.6720459390768]
[139.45662444013195, 138.0698014405623, 138.16919947487762, 143.6720459390768, 146.43119629259846]
[138.0698014405623, 138.16919947487762, 143.6720459390768, 146.43119629259846, 145.63624203274532]
[138.16919947487762, 143.6720459390768, 146.43119629259846, 145.63624203274532, 146.6682333691622]
[143.6720459390768, 146.43119629259846, 145.63624203274532, 146.6682333691622, 142.86953996185775]
[146.43119629259846, 145.63624203274532, 146.6682333691622, 142.86953996185775, 145.42993929973616]
[145.63624203274532, 146.6682333691622, 142.86953996185775, 145.42993929973616, 145.14893112523154]
[146.6682333691622, 142.86953996185775, 145.42993929973616, 145.14893112523154, 146.77902241382267]
[142.86953996185775, 145.42993929973616, 145.14893112523154, 146.77902241382267, 143.93646874161016]
[145.42993929973616, 145.14893112523154, 146.77902241382267, 143.93646874161016, 135.79634385982376]
[145.14893112523154, 146.77902241382267, 143.93646874161016, 135.79634385982376, 137.605030796239]
[146.77902241382267, 143.93646874161016, 135.79634385982376, 137.605030796239, 142.9542048229931]
[143.93646874161016, 135.79634385982376, 137.605030796239, 142.9542048229931, 144.47541845112048]
[135.79634385982376, 137.605030796239, 142.9542048229931, 144.47541845112048, 147.5074861220305]
[137.605030796239, 142.9542048229931, 144.47541845112048, 147.5074861220305, 141.08594346074523]
[142.9542048229931, 144.47541845112048, 147.5074861220305, 141.08594346074523, 137.87185558436863]
[144.47541845112048, 147.5074861220305, 141.08594346074523, 137.87185558436863, 134.64829668668503]
[147.5074861220305, 141.08594346074523, 137.87185558436863, 134.64829668668503, 134.68946566636276]
[141.08594346074523, 137.87185558436863, 134.64829668668503, 134.68946566636276, 138.427719747762]
[137.87185558436863, 134.64829668668503, 134.68946566636276, 138.427719747762, 139.38093798697972]
[134.64829668668503, 134.68946566636276, 138.427719747762, 139.38093798697972, 144.88513235182472]
[134.68946566636276, 138.427719747762, 139.38093798697972, 144.88513235182472, 146.23296024420011]
[138.427719747762, 139.38093798697972, 144.88513235182472, 146.23296024420011, 148.13112889814036]
[139.38093798697972, 144.88513235182472, 146.23296024420011, 148.13112889814036, 146.23529741030126]
[144.88513235182472, 146.23296024420011, 148.13112889814036, 146.23529741030126, 143.80549762725488]
[146.23296024420011, 148.13112889814036, 146.23529741030126, 143.80549762725488, 143.16877831315358]
[148.13112889814036, 146.23529741030126, 143.80549762725488, 143.16877831315358, 143.98536027438547]
[146.23529741030126, 143.80549762725488, 143.16877831315358, 143.98536027438547, 145.1685129517507]
[143.80549762725488, 143.16877831315358, 143.98536027438547, 145.1685129517507, 146.79106737486248]
[143.16877831315358, 143.98536027438547, 145.1685129517507, 146.79106737486248, 143.57405964223042]
[143.98536027438547, 145.1685129517507, 146.79106737486248, 143.57405964223042, 145.67873875324665]
[145.1685129517507, 146.79106737486248, 143.57405964223042, 145.67873875324665, 141.40998090868268]
[146.79106737486248, 143.57405964223042, 145.67873875324665, 141.40998090868268, 143.30044249973497]
[143.57405964223042, 145.67873875324665, 141.40998090868268, 143.30044249973497, 148.46875540730784]
[145.67873875324665, 141.40998090868268, 143.30044249973497, 148.46875540730784, 154.28980353008413]
[141.40998090868268, 143.30044249973497, 148.46875540730784, 154.28980353008413, 155.39515093386095]
[143.30044249973497, 148.46875540730784, 154.28980353008413, 155.39515093386095, 158.39204494050017]
[148.46875540730784, 154.28980353008413, 155.39515093386095, 158.39204494050017, 156.80628405764]
[154.28980353008413, 155.39515093386095, 158.39204494050017, 156.80628405764, 158.17726362485533]
[155.39515093386095, 158.39204494050017, 156.80628405764, 158.17726362485533, 162.88056966995066]
[158.39204494050017, 156.80628405764, 158.17726362485533, 162.88056966995066, 164.9091370569658]
[156.80628405764, 158.17726362485533, 162.88056966995066, 164.9091370569658, 162.44983745831226]
[158.17726362485533, 162.88056966995066, 164.9091370569658, 162.44983745831226, 162.79675221045898]
[162.88056966995066, 164.9091370569658, 162.44983745831226, 162.79675221045898, 166.26631124449855]
[164.9091370569658, 162.44983745831226, 162.79675221045898, 166.26631124449855, 171.2169038185014]
[162.44983745831226, 162.79675221045898, 166.26631124449855, 171.2169038185014, 171.5406209663155]
[162.79675221045898, 166.26631124449855, 171.2169038185014, 171.5406209663155, 178.69758484558665]
[166.26631124449855, 171.2169038185014, 171.5406209663155, 178.69758484558665, 181.77591765029322]
[171.2169038185014, 171.5406209663155, 178.69758484558665, 181.77591765029322, 189.15340732103456]
[171.5406209663155, 178.69758484558665, 181.77591765029322, 189.15340732103456, 192.06383944278582]
[178.69758484558665, 181.77591765029322, 189.15340732103456, 192.06383944278582, 192.90155784012993]
[181.77591765029322, 189.15340732103456, 192.06383944278582, 192.90155784012993, 187.53953964526906]
[189.15340732103456, 192.06383944278582, 192.90155784012993, 187.53953964526906, 186.80129236801992]
[192.06383944278582, 192.90155784012993, 187.53953964526906, 186.80129236801992, 183.52041040771212]
[192.90155784012993, 187.53953964526906, 186.80129236801992, 183.52041040771212, 180.10177810637228]
[187.53953964526906, 186.80129236801992, 183.52041040771212, 180.10177810637228, 180.14427238116699]
[186.80129236801992, 183.52041040771212, 180.10177810637228, 180.14427238116699, 181.28110136596987]
[183.52041040771212, 180.10177810637228, 180.14427238116699, 181.28110136596987, 176.59352927450084]
[180.10177810637228, 180.14427238116699, 181.28110136596987, 176.59352927450084, 178.68750941810936]
[180.14427238116699, 181.28110136596987, 176.59352927450084, 178.68750941810936, 174.79392641090965]
[181.28110136596987, 176.59352927450084, 178.68750941810936, 174.79392641090965, 173.82772737149784]
[176.59352927450084, 178.68750941810936, 174.79392641090965, 173.82772737149784, 174.40396528430594]
[178.68750941810936, 174.79392641090965, 173.82772737149784, 174.40396528430594, 175.2780507788679]
[174.79392641090965, 173.82772737149784, 174.40396528430594, 175.2780507788679, 175.15494397727153]
[173.82772737149784, 174.40396528430594, 175.2780507788679, 175.15494397727153, 171.6009736404881]
[174.40396528430594, 175.2780507788679, 175.15494397727153, 171.6009736404881, 169.31770276248997]
[175.2780507788679, 175.15494397727153, 171.6009736404881, 169.31770276248997, 174.55943439819595]
[175.15494397727153, 171.6009736404881, 169.31770276248997, 174.55943439819595, 179.4167413718796]
[171.6009736404881, 169.31770276248997, 174.55943439819595, 179.4167413718796, 179.1008009065078]
[169.31770276248997, 174.55943439819595, 179.4167413718796, 179.1008009065078, 179.48202138380955]
[174.55943439819595, 179.4167413718796, 179.1008009065078, 179.48202138380955, 180.36427864967132]
[179.4167413718796, 179.1008009065078, 179.48202138380955, 180.36427864967132, 181.3958761906127]
[179.1008009065078, 179.48202138380955, 180.36427864967132, 181.3958761906127, 183.88229022649307]
[179.48202138380955, 180.36427864967132, 181.3958761906127, 183.88229022649307, 177.61956560334585]
[180.36427864967132, 181.3958761906127, 183.88229022649307, 177.61956560334585, 178.30675180487427]
[181.3958761906127, 183.88229022649307, 177.61956560334585, 178.30675180487427, 179.03343458149757]
[183.88229022649307, 177.61956560334585, 178.30675180487427, 179.03343458149757, 182.6273237481831]
[177.61956560334585, 178.30675180487427, 179.03343458149757, 182.6273237481831, 187.32614292670695]
[178.30675180487427, 179.03343458149757, 182.6273237481831, 187.32614292670695, 184.27460644808946]
[179.03343458149757, 182.6273237481831, 187.32614292670695, 184.27460644808946, 181.96419377761853]
[182.6273237481831, 187.32614292670695, 184.27460644808946, 181.96419377761853, 179.60840874429283]
[187.32614292670695, 184.27460644808946, 181.96419377761853, 179.60840874429283, 179.47846455389572]
[184.27460644808946, 181.96419377761853, 179.60840874429283, 179.47846455389572, 185.61528935899605]
[181.96419377761853, 179.60840874429283, 179.47846455389572, 185.61528935899605, 188.9262966648453]
[179.60840874429283, 179.47846455389572, 185.61528935899605, 188.9262966648453, 185.88895544193738]
[179.47846455389572, 185.61528935899605, 188.9262966648453, 185.88895544193738, 182.9817839335876]
[185.61528935899605, 188.9262966648453, 185.88895544193738, 182.9817839335876, 191.44889017735377]
[188.9262966648453, 185.88895544193738, 182.9817839335876, 191.44889017735377, 189.55698616158955]
[185.88895544193738, 182.9817839335876, 191.44889017735377, 189.55698616158955, 189.70036803238415]
[182.9817839335876, 191.44889017735377, 189.55698616158955, 189.70036803238415, 189.01407606144448]
[191.44889017735377, 189.55698616158955, 189.70036803238415, 189.01407606144448, 186.42564465697313]
[189.55698616158955, 189.70036803238415, 189.01407606144448, 186.42564465697313, 189.22194411137102]
[189.70036803238415, 189.01407606144448, 186.42564465697313, 189.22194411137102, 193.26129031165806]
[189.01407606144448, 186.42564465697313, 189.22194411137102, 193.26129031165806, 197.13175709152387]
[186.42564465697313, 189.22194411137102, 193.26129031165806, 197.13175709152387, 191.58352536670546]
[189.22194411137102, 193.26129031165806, 197.13175709152387, 191.58352536670546, 193.45771689199745]
[193.26129031165806, 197.13175709152387, 191.58352536670546, 193.45771689199745, 188.43740181931577]
[197.13175709152387, 191.58352536670546, 193.45771689199745, 188.43740181931577, 191.1708874133545]
[191.58352536670546, 193.45771689199745, 188.43740181931577, 191.1708874133545, 191.5904031282473]
[193.45771689199745, 188.43740181931577, 191.1708874133545, 191.5904031282473, 192.17146626447237]
[188.43740181931577, 191.1708874133545, 191.5904031282473, 192.17146626447237, 195.23779113747096]
[191.1708874133545, 191.5904031282473, 192.17146626447237, 195.23779113747096, 197.3848491289337]
[191.5904031282473, 192.17146626447237, 195.23779113747096, 197.3848491289337, 195.29312828428542]
[192.17146626447237, 195.23779113747096, 197.3848491289337, 195.29312828428542, 197.64565843291916]
[195.23779113747096, 197.3848491289337, 195.29312828428542, 197.64565843291916, 199.0531731373617]
[197.3848491289337, 195.29312828428542, 197.64565843291916, 199.0531731373617, 198.9130047610574]
[195.29312828428542, 197.64565843291916, 199.0531731373617, 198.9130047610574, 196.47664479855123]
[197.64565843291916, 199.0531731373617, 198.9130047610574, 196.47664479855123, 199.88179895607507]
[199.0531731373617, 198.9130047610574, 196.47664479855123, 199.88179895607507, 200.95385388824639]
[198.9130047610574, 196.47664479855123, 199.88179895607507, 200.95385388824639, 201.28014566852124]
[196.47664479855123, 199.88179895607507, 200.95385388824639, 201.28014566852124, 199.97691263240563]
[199.88179895607507, 200.95385388824639, 201.28014566852124, 199.97691263240563, 203.00837015168833]
[200.95385388824639, 201.28014566852124, 199.97691263240563, 203.00837015168833, 202.06295324998288]
[201.28014566852124, 199.97691263240563, 203.00837015168833, 202.06295324998288, 203.32551342614082]
[199.97691263240563, 203.00837015168833, 202.06295324998288, 203.32551342614082, 204.2267894028686]
[203.00837015168833, 202.06295324998288, 203.32551342614082, 204.2267894028686, 207.6524278253194]
[202.06295324998288, 203.32551342614082, 204.2267894028686, 207.6524278253194, 207.55590467597696]
[203.32551342614082, 204.2267894028686, 207.6524278253194, 207.55590467597696, 212.52329255443405]
[204.2267894028686, 207.6524278253194, 207.55590467597696, 212.52329255443405, 217.7229998156741]
[207.6524278253194, 207.55590467597696, 212.52329255443405, 217.7229998156741, 216.64979262994703]
[207.55590467597696, 212.52329255443405, 217.7229998156741, 216.64979262994703, 218.69150293588856]
[212.52329255443405, 217.7229998156741, 216.64979262994703, 218.69150293588856, 216.9652889696241]
[217.7229998156741, 216.64979262994703, 218.69150293588856, 216.9652889696241, 215.81777773022938]
[216.64979262994703, 218.69150293588856, 216.9652889696241, 215.81777773022938, 211.48300885567866]
[218.69150293588856, 216.9652889696241, 215.81777773022938, 211.48300885567866, 210.17241313425407]
[216.9652889696241, 215.81777773022938, 211.48300885567866, 210.17241313425407, 208.83004487237667]
[215.81777773022938, 211.48300885567866, 210.17241313425407, 208.83004487237667, 211.71469367674888]
[211.48300885567866, 210.17241313425407, 208.83004487237667, 211.71469367674888, 206.99848636286987]
[210.17241313425407, 208.83004487237667, 211.71469367674888, 206.99848636286987, 208.11774080757988]
[208.83004487237667, 211.71469367674888, 206.99848636286987, 208.11774080757988, 208.7490950381974]
[211.71469367674888, 206.99848636286987, 208.11774080757988, 208.7490950381974, 206.96065277203644]
[206.99848636286987, 208.11774080757988, 208.7490950381974, 206.96065277203644, 207.12682328584486]
[208.11774080757988, 208.7490950381974, 206.96065277203644, 207.12682328584486, 203.16514134117503]
[208.7490950381974, 206.96065277203644, 207.12682328584486, 203.16514134117503, 198.79569604806613]
[206.96065277203644, 207.12682328584486, 203.16514134117503, 198.79569604806613, 198.81372457084004]
[207.12682328584486, 203.16514134117503, 198.79569604806613, 198.81372457084004, 199.18948730855922]
[203.16514134117503, 198.79569604806613, 198.81372457084004, 199.18948730855922, 203.07905634585444]
[198.79569604806613, 198.81372457084004, 199.18948730855922, 203.07905634585444, 204.14079278921756]
[198.81372457084004, 199.18948730855922, 203.07905634585444, 204.14079278921756, 204.28258907074812]
[199.18948730855922, 203.07905634585444, 204.14079278921756, 204.28258907074812, 204.54714976694407]
[203.07905634585444, 204.14079278921756, 204.28258907074812, 204.54714976694407, 208.0070090235194]
[204.14079278921756, 204.28258907074812, 204.54714976694407, 208.0070090235194, 211.29354695464605]
[204.28258907074812, 204.54714976694407, 208.0070090235194, 211.29354695464605, 209.88849126612578]
[204.54714976694407, 208.0070090235194, 211.29354695464605, 209.88849126612578, 206.42934472047145]
[208.0070090235194, 211.29354695464605, 209.88849126612578, 206.42934472047145, 203.42836089963396]
[211.29354695464605, 209.88849126612578, 206.42934472047145, 203.42836089963396, 202.67684746026762]
[209.88849126612578, 206.42934472047145, 203.42836089963396, 202.67684746026762, 200.23662583059678]
[206.42934472047145, 203.42836089963396, 202.67684746026762, 200.23662583059678, 201.4817120054871]
[203.42836089963396, 202.67684746026762, 200.23662583059678, 201.4817120054871, 202.53800950890945]
[202.67684746026762, 200.23662583059678, 201.4817120054871, 202.53800950890945, 201.77084083142984]
[200.23662583059678, 201.4817120054871, 202.53800950890945, 201.77084083142984, 201.48833915840885]
[201.4817120054871, 202.53800950890945, 201.77084083142984, 201.48833915840885, 200.5488843562549]
[202.53800950890945, 201.77084083142984, 201.48833915840885, 200.5488843562549, 200.44011610353763]
[201.77084083142984, 201.48833915840885, 200.5488843562549, 200.44011610353763, 204.39108461434225]
[201.48833915840885, 200.5488843562549, 200.44011610353763, 204.39108461434225, 211.96728553132598]
[200.5488843562549, 200.44011610353763, 204.39108461434225, 211.96728553132598, 212.0675187826997]
[200.44011610353763, 204.39108461434225, 211.96728553132598, 212.0675187826997, 211.72572241851577]
[204.39108461434225, 211.96728553132598, 212.0675187826997, 211.72572241851577, 209.1430038484293]
[211.96728553132598, 212.0675187826997, 211.72572241851577, 209.1430038484293, 210.40795778837608]
[212.0675187826997, 211.72572241851577, 209.1430038484293, 210.40795778837608, 209.99598763641083]
[211.72572241851577, 209.1430038484293, 210.40795778837608, 209.99598763641083, 211.34299832266595]
[209.1430038484293, 210.40795778837608, 209.99598763641083, 211.34299832266595, 213.23771647064294]
[210.40795778837608, 209.99598763641083, 211.34299832266595, 213.23771647064294, 209.80666263409057]
[209.99598763641083, 211.34299832266595, 213.23771647064294, 209.80666263409057, 211.709785230094]
[211.34299832266595, 213.23771647064294, 209.80666263409057, 211.709785230094, 210.3868685450701]
[213.23771647064294, 209.80666263409057, 211.709785230094, 210.3868685450701, 216.37318418129797]
[209.80666263409057, 211.709785230094, 210.3868685450701, 216.37318418129797, 222.1643195815278]
[211.709785230094, 210.3868685450701, 216.37318418129797, 222.1643195815278, 220.98835845079412]
[210.3868685450701, 216.37318418129797, 222.1643195815278, 220.98835845079412, 207.75017781774238]
[216.37318418129797, 222.1643195815278, 220.98835845079412, 207.75017781774238, 205.90994789275993]
[222.1643195815278, 220.98835845079412, 207.75017781774238, 205.90994789275993, 210.13737669653952]
[220.98835845079412, 207.75017781774238, 205.90994789275993, 210.13737669653952, 210.15251035547476]
[207.75017781774238, 205.90994789275993, 210.13737669653952, 210.15251035547476, 206.09922970172423]
[205.90994789275993, 210.13737669653952, 210.15251035547476, 206.09922970172423, 204.41268263704245]
[210.13737669653952, 210.15251035547476, 206.09922970172423, 204.41268263704245, 205.20529486993627]
[210.15251035547476, 206.09922970172423, 204.41268263704245, 205.20529486993627, 201.62762609834348]
[206.09922970172423, 204.41268263704245, 205.20529486993627, 201.62762609834348, 205.7303787277421]
[204.41268263704245, 205.20529486993627, 201.62762609834348, 205.7303787277421, 204.45956105581539]
[205.20529486993627, 201.62762609834348, 205.7303787277421, 204.45956105581539, 205.68469839674475]
[201.62762609834348, 205.7303787277421, 204.45956105581539, 205.68469839674475, 203.59047374031547]
[205.7303787277421, 204.45956105581539, 205.68469839674475, 203.59047374031547, 211.08722642543995]
[204.45956105581539, 205.68469839674475, 203.59047374031547, 211.08722642543995, 212.18455213583664]
[205.68469839674475, 203.59047374031547, 211.08722642543995, 212.18455213583664, 214.43774150273012]
[203.59047374031547, 211.08722642543995, 212.18455213583664, 214.43774150273012, 214.6414383501679]
[211.08722642543995, 212.18455213583664, 214.43774150273012, 214.6414383501679, 215.87445368525294]
[212.18455213583664, 214.43774150273012, 214.6414383501679, 215.87445368525294, 219.12798326444232]
[214.43774150273012, 214.6414383501679, 215.87445368525294, 219.12798326444232, 220.6266292512792]
[214.6414383501679, 215.87445368525294, 219.12798326444232, 220.6266292512792, 215.8995446459789]
[215.87445368525294, 219.12798326444232, 220.6266292512792, 215.8995446459789, 215.46114421104875]
[219.12798326444232, 220.6266292512792, 215.8995446459789, 215.46114421104875, 217.2364106177985]
[220.6266292512792, 215.8995446459789, 215.46114421104875, 217.2364106177985, 214.97210387289388]
[215.8995446459789, 215.46114421104875, 217.2364106177985, 214.97210387289388, 208.18158326185915]
[215.46114421104875, 217.2364106177985, 214.97210387289388, 208.18158326185915, 203.52342631091022]
[217.2364106177985, 214.97210387289388, 208.18158326185915, 203.52342631091022, 205.48790685025133]
[214.97210387289388, 208.18158326185915, 203.52342631091022, 205.48790685025133, 203.24003978721288]
[208.18158326185915, 203.52342631091022, 205.48790685025133, 203.24003978721288, 201.79801864963432]
[203.52342631091022, 205.48790685025133, 203.24003978721288, 201.79801864963432, 199.00509151709758]
[205.48790685025133, 203.24003978721288, 201.79801864963432, 199.00509151709758, 198.5440153958999]
[203.24003978721288, 201.79801864963432, 199.00509151709758, 198.5440153958999, 198.11401725646675]
[201.79801864963432, 199.00509151709758, 198.5440153958999, 198.11401725646675, 193.45697099611976]
[199.00509151709758, 198.5440153958999, 198.11401725646675, 193.45697099611976, 201.68100931129933]
[198.5440153958999, 198.11401725646675, 193.45697099611976, 201.68100931129933, 207.8989809708941]
[198.11401725646675, 193.45697099611976, 201.68100931129933, 207.8989809708941, 207.74790160530324]
[193.45697099611976, 201.68100931129933, 207.8989809708941, 207.74790160530324, 206.76558611833522]
[201.68100931129933, 207.8989809708941, 207.74790160530324, 206.76558611833522, 200.16200867341144]
[207.8989809708941, 207.74790160530324, 206.76558611833522, 200.16200867341144, 199.23801274680213]
[207.74790160530324, 206.76558611833522, 200.16200867341144, 199.23801274680213, 198.28932980589295]
[206.76558611833522, 200.16200867341144, 199.23801274680213, 198.28932980589295, 195.1815821370399]
[200.16200867341144, 199.23801274680213, 198.28932980589295, 195.1815821370399, 195.1743023790961]
[199.23801274680213, 198.28932980589295, 195.1815821370399, 195.1743023790961, 187.28779297144152]
[198.28932980589295, 195.1815821370399, 195.1743023790961, 187.28779297144152, 186.1397918456663]
[195.1815821370399, 195.1743023790961, 187.28779297144152, 186.1397918456663, 183.39027857583636]
[195.1743023790961, 187.28779297144152, 186.1397918456663, 183.39027857583636, 181.14597553706014]
[187.28779297144152, 186.1397918456663, 183.39027857583636, 181.14597553706014, 183.3134835871157]
[186.1397918456663, 183.39027857583636, 181.14597553706014, 183.3134835871157, 179.37072201330997]
[183.39027857583636, 181.14597553706014, 183.3134835871157, 179.37072201330997, 180.25456522127402]
[181.14597553706014, 183.3134835871157, 179.37072201330997, 180.25456522127402, 182.7513543743242]
[183.3134835871157, 179.37072201330997, 180.25456522127402, 182.7513543743242, 184.53016877862197]
[179.37072201330997, 180.25456522127402, 182.7513543743242, 184.53016877862197, 185.9517105447093]
[180.25456522127402, 182.7513543743242, 184.53016877862197, 185.9517105447093, 185.84423469254776]
[182.7513543743242, 184.53016877862197, 185.9517105447093, 185.84423469254776, 183.19200725451051]
[184.53016877862197, 185.9517105447093, 185.84423469254776, 183.19200725451051, 180.94098300436525]
[185.9517105447093, 185.84423469254776, 183.19200725451051, 180.94098300436525, 180.43632829014294]
[185.84423469254776, 183.19200725451051, 180.94098300436525, 180.43632829014294, 176.23405851235293]
[183.19200725451051, 180.94098300436525, 180.43632829014294, 176.23405851235293, 175.74133357689533]
[180.94098300436525, 180.43632829014294, 176.23405851235293, 175.74133357689533, 174.18016898593712]
[180.43632829014294, 176.23405851235293, 175.74133357689533, 174.18016898593712, 174.02317362714328]
[176.23405851235293, 175.74133357689533, 174.18016898593712, 174.02317362714328, 172.17624054192393]
[175.74133357689533, 174.18016898593712, 174.02317362714328, 172.17624054192393, 174.21754855383637]
[174.18016898593712, 174.02317362714328, 172.17624054192393, 174.21754855383637, 177.49453976091337]
[174.02317362714328, 172.17624054192393, 174.21754855383637, 177.49453976091337, 177.4928611390766]
[172.17624054192393, 174.21754855383637, 177.49453976091337, 177.4928611390766, 179.52802289875524]
[174.21754855383637, 177.49453976091337, 177.4928611390766, 179.52802289875524, 180.74245631636137]
[177.49453976091337, 177.4928611390766, 179.52802289875524, 180.74245631636137, 182.23127471860067]
